Sample	0	1	2	3	4	5	6	7	8	9	10	11	12	13	14	15	16	17	18	19	20	21	22	23	24	25	26	27	28	29	30	31	32	33	34	35	36	37	38	39	40	41	42	43	44	45	46	47	48	49	50	51	52	53	54	55	56	57	58	59	60	61	62	63	64	65	66	67	68	69	70	71	72	73	74	75	76	77	78	79	80	81	82	83	84	85	86	87	88	89	90	91	92	93	94	95	96	97	98	99	100
FAZ80247_pass_03069096_5394ef1c_concatenated	(0.0, 0.5026954177897575)	(1.0, 0.26481185204884783)	(2.0, 1.3065701232972844)	(3.0, 1.0171336350729878)	(4.0, 1.6)	(5.0, 2.0048665782826216)	(6.0, 2.5026954177897576)	(7.0, 4.234089458325029)	(8.0, 2.9870733208247846)	(9.0, 5.503646282855682)	(10.0, 8.138528138528137)	(11.0, 8.625)	(12.0, 13.85)	(13.0, 19.183333333333334)	(14.0, 25.343234323432345)	(15.0, 32.69540578830196)	(16.0, 37.83555062823355)	(17.0, 44.75000000000001)	(18.0, 55.36666666666667)	(19.0, 71.36666666666667)	(20.0, 88.78333333333327)	(21.0, 99.61428571428569)	(22.0, 117.98030303030298)	(23.0, 146.421645021645)	(24.0, 196.75455243681077)	(25.0, 246.73529117871715)	(26.0, 318.932936507936)	(27.0, 438.7604256854221)	(28.0, 588.0980880230882)	(29.0, 883.4362984685729)	(30.0, 1298.51426942227)	(31.0, 2049.3123273022534)	(32.0, 3220.2156222182925)	(33.0, 4897.578250211818)	(34.0, 6666.745557495349)	(35.0, 9644.526593653061)	(36.0, 14089.900940877247)	(37.0, 19468.164641985255)	(38.0, 26717.86300180985)	(39.0, 37345.134223371155)	(40.0, 52180.43234451945)	(41.0, 73204.66939270479)	(42.0, 105551.69758541335)	(43.0, 132556.50893764934)	(44.0, 155775.33338278296)	(45.0, 169909.4088474716)	(46.0, 170042.09708570494)	(47.0, 166422.76007296832)	(48.0, 152765.58607336358)	(49.0, 141339.26502428582)	(50.0, 137514.7582996712)	(51.0, 130578.60751501912)	(52.0, 120596.04001341807)	(53.0, 120929.78067446676)	(54.0, 112828.67969710729)	(55.0, 93214.52768644925)	(56.0, 64453.02780979914)	(57.0, 48486.17562587156)	(58.0, 33212.83805903613)	(59.0, 22355.958356827723)	(60.0, 13636.219390976368)	(61.0, 9504.684120608068)	(62.0, 5890.048785927253)	(63.0, 3041.553334675096)	(64.0, 1640.0337210968275)	(65.0, 916.9878670022091)	(66.0, 508.3365719405937)	(67.0, 343.69828236279574)	(68.0, 250.85346320346457)	(69.0, 208.78737373737442)	(70.0, 178.05696248196267)	(71.0, 125.47417027416995)	(72.0, 74.88124098124105)	(73.0, 51.821464646464726)	(74.0, 47.77005772005777)	(75.0, 31.134018759018737)	(76.0, 16.18813131313132)	(77.0, 11.171897546897545)	(78.0, 11.17063492063492)	(79.0, 8.05952380952381)	(80.0, 5.0)	(81.0, 2.5)	(82.0, 0.5)	(83.0, 1.0)	(84.0, 1.0)	(85.0, 0.0)	(86.0, 0.0)	(87.0, 0.25)	(88.0, 0.5)	(89.0, 0.27439024390243905)	(90.0, 0.3333333333333333)	(91.0, 0.0)	(92.0, 0.0)	(93.0, 0.0)	(94.0, 0.0)	(95.0, 0.0)	(96.0, 0.0)	(97.0, 0.5)	(98.0, 1.0)	(99.0, 1.0)	(100.0, 1.3333333333333333)
FAZ83542_pass_1344a466_45031b9d_concatenated	(0.0, 2.5408946284858693)	(1.0, 0.7686278737006511)	(2.0, 0.5105574103534511)	(3.0, 0.5022868977406834)	(4.0, 0.20683306659402279)	(5.0, 0.7347487805767653)	(6.0, 1.5034364261168385)	(7.0, 3.0691635926163965)	(8.0, 3.669362084456424)	(9.0, 4.8576335877862595)	(10.0, 6.616666666666667)	(11.0, 7.926221734542606)	(12.0, 8.0)	(13.0, 13.171823981277013)	(14.0, 18.03225806451613)	(15.0, 18.166666666666668)	(16.0, 20.519607843137255)	(17.0, 31.602941176470587)	(18.0, 35.25000000000001)	(19.0, 40.765209345362024)	(20.0, 56.08333333333335)	(21.0, 59.57626262626265)	(22.0, 73.81051693404632)	(23.0, 95.91608946608943)	(24.0, 109.11454175905388)	(25.0, 148.49783549783555)	(26.0, 208.66872294372345)	(27.0, 295.4941954387073)	(28.0, 421.4387445887391)	(29.0, 630.3598833961744)	(30.0, 1057.5544722259287)	(31.0, 1858.263747650576)	(32.0, 3096.9156503142863)	(33.0, 4908.759053807204)	(34.0, 6781.7486623542945)	(35.0, 10163.048605382503)	(36.0, 15083.150926015764)	(37.0, 20954.26101227177)	(38.0, 29016.10516561999)	(39.0, 40445.088395517545)	(40.0, 56540.0793061655)	(41.0, 79018.26946720263)	(42.0, 112110.32803139277)	(43.0, 138224.1316974803)	(44.0, 163307.79367851408)	(45.0, 178587.20226019455)	(46.0, 178630.94333157004)	(47.0, 173102.36204964714)	(48.0, 156981.1444691648)	(49.0, 143814.40390550357)	(50.0, 139174.71280447795)	(51.0, 132034.41535615118)	(52.0, 124008.1483529007)	(53.0, 127518.4177958606)	(54.0, 122466.16073830126)	(55.0, 99767.42812412838)	(56.0, 69015.35467659589)	(57.0, 52564.86604424137)	(58.0, 36730.64318289413)	(59.0, 25708.429864211903)	(60.0, 16030.226316742332)	(61.0, 11281.972295895164)	(62.0, 7194.56786539074)	(63.0, 4162.51354353742)	(64.0, 2416.450427255166)	(65.0, 1263.6244728322029)	(66.0, 642.4988130433239)	(67.0, 410.8318414844085)	(68.0, 275.57671041728025)	(69.0, 197.03542568542622)	(70.0, 137.50896057347643)	(71.0, 102.12113997113995)	(72.0, 72.63293650793666)	(73.0, 51.50836940836949)	(74.0, 40.03150054552496)	(75.0, 29.251551226551207)	(76.0, 18.842424242424237)	(77.0, 15.16363636363637)	(78.0, 15.79159451659452)	(79.0, 10.287121212121216)	(80.0, 4.292929292929293)	(81.0, 3.0084485407066053)	(82.0, 1.6666666666666665)	(83.0, 1.0)	(84.0, 0.5)	(85.0, 0.14285714285714285)	(86.0, 0.125)	(87.0, 0.6666666666666666)	(88.0, 0.3333333333333333)	(89.0, 0.0)	(90.0, 0.0)	(91.0, 0.0)	(92.0, 0.0)	(93.0, 0.0)	(94.0, 0.5)	(95.0, 0.75)	(96.0, 0.0)	(97.0, 0.3333333333333333)	(98.0, 0.33885819521178634)	(99.0, 0.0)	(100.0, 0.0)
FBA22517_pass_d17fa1e0_a6486b6e_concatenated	(0.0, 23.0)	(1.0, 24.833333333333332)	(2.0, 24.833333333333332)	(3.0, 24.750000000000004)	(4.0, 32.633333333333326)	(5.0, 46.76666666666667)	(6.0, 60.983333333333334)	(7.0, 79.7)	(8.0, 92.91666666666667)	(9.0, 118.0)	(10.0, 147.67619047619047)	(11.0, 190.6190476190476)	(12.0, 247.39285714285717)	(13.0, 310.5357142857143)	(14.0, 390.25)	(15.0, 518.0)	(16.0, 678.4916666666667)	(17.0, 840.1190476190476)	(18.0, 1044.0809523809526)	(19.0, 1285.445634920635)	(20.0, 1537.3186868686862)	(21.0, 1809.3936868686844)	(22.0, 2181.790151515148)	(23.0, 2649.774278499283)	(24.0, 3101.033838383854)	(25.0, 3674.89657287161)	(26.0, 4373.470707070729)	(27.0, 5145.352922077846)	(28.0, 6045.5622643483275)	(29.0, 6951.406198658246)	(30.0, 7787.138178582437)	(31.0, 8638.365420159807)	(32.0, 9458.819595273384)	(33.0, 10027.636579882843)	(34.0, 10646.598454144236)	(35.0, 11329.96227341695)	(36.0, 12077.972493602441)	(37.0, 12919.883978674206)	(38.0, 14130.974221239388)	(39.0, 16007.198017098146)	(40.0, 18650.44380752454)	(41.0, 21240.654316900916)	(42.0, 25714.48642019993)	(43.0, 32990.39704502933)	(44.0, 41532.85848040566)	(45.0, 57492.56753000421)	(46.0, 76378.01732498062)	(47.0, 90120.34370107125)	(48.0, 72989.64964362391)	(49.0, 35762.71419414153)	(50.0, 28206.03690393867)	(51.0, 25776.692067778884)	(52.0, 24895.730411385946)	(53.0, 24619.57912005635)	(54.0, 26370.728180509366)	(55.0, 24669.56431408507)	(56.0, 23925.08205030845)	(57.0, 20634.35403244094)	(58.0, 16315.328231772146)	(59.0, 14653.547460752408)	(60.0, 14288.118814473413)	(61.0, 13454.42068806064)	(62.0, 11346.44976756265)	(63.0, 8979.69269180623)	(64.0, 6871.275630275101)	(65.0, 5417.767548655318)	(66.0, 4226.080503641483)	(67.0, 3481.4960465126655)	(68.0, 3078.0071909429766)	(69.0, 2618.8240939526045)	(70.0, 2275.4206276844266)	(71.0, 1713.8927188993355)	(72.0, 1397.9564193116828)	(73.0, 1225.3615546640126)	(74.0, 1067.3277764020334)	(75.0, 895.2781938720285)	(76.0, 793.3360662339492)	(77.0, 665.9777836530982)	(78.0, 557.734356742719)	(79.0, 497.8926430200606)	(80.0, 471.3141833077296)	(81.0, 430.62680375180173)	(82.0, 358.5341339663909)	(83.0, 283.5223665223661)	(84.0, 230.67604617604624)	(85.0, 183.76948051948057)	(86.0, 148.8556637806638)	(87.0, 120.26554834054826)	(88.0, 105.98821147987813)	(89.0, 88.50426037377257)	(90.0, 73.14610389610391)	(91.0, 67.40599173553719)	(92.0, 76.65657802085309)	(93.0, 98.11064840956145)	(94.0, 114.63727601404628)	(95.0, 145.07046850998458)	(96.0, 159.09262822308057)	(97.0, 175.75786563387027)	(98.0, 316.93056997556846)	(99.0, 648.3143044811482)	(100.0, 1414.7123210060608)
FBA22660_pass_d1e1158a_77e47f3b_concatenated	(0.0, 37.0)	(1.0, 36.83333333333333)	(2.0, 34.75)	(3.0, 31.149999999999995)	(4.0, 44.01666666666668)	(5.0, 61.1666666666667)	(6.0, 80.01666666666667)	(7.0, 98.16666666666664)	(8.0, 121.14285714285712)	(9.0, 150.80952380952382)	(10.0, 184.83333333333331)	(11.0, 232.91666666666666)	(12.0, 302.6761904761905)	(13.0, 384.59523809523813)	(14.0, 491.57738095238096)	(15.0, 604.3511904761905)	(16.0, 729.6666666666666)	(17.0, 942.932178932179)	(18.0, 1243.4761904761904)	(19.0, 1518.3011904761904)	(20.0, 1793.9623015872992)	(21.0, 2218.6499999999965)	(22.0, 2677.38571428572)	(23.0, 3169.6481962482117)	(24.0, 3857.938528138571)	(25.0, 4610.2526695526685)	(26.0, 5408.9071067819905)	(27.0, 6535.2713203460535)	(28.0, 7865.9637446166)	(29.0, 9045.806888795812)	(30.0, 10379.110351926991)	(31.0, 11753.934347267414)	(32.0, 12974.324217090387)	(33.0, 13948.855376249829)	(34.0, 14810.683167761736)	(35.0, 15781.32760026629)	(36.0, 16958.00814643578)	(37.0, 18007.837622819996)	(38.0, 19383.473430714846)	(39.0, 21937.839662987073)	(40.0, 25897.215123611673)	(41.0, 29511.578359258434)	(42.0, 35461.685569928835)	(43.0, 45535.43897968796)	(44.0, 57051.24639622964)	(45.0, 80769.71861853826)	(46.0, 112441.680961698)	(47.0, 135915.71988892282)	(48.0, 113276.00422593573)	(49.0, 50418.19731425642)	(50.0, 39024.909360329984)	(51.0, 36314.77640287253)	(52.0, 35318.14804773815)	(53.0, 34371.50548467323)	(54.0, 37073.358991693014)	(55.0, 34405.61571717356)	(56.0, 33264.97311323517)	(57.0, 29043.729130071675)	(58.0, 22898.91791408139)	(59.0, 20433.422276226196)	(60.0, 19758.621503570095)	(61.0, 18655.211543458612)	(62.0, 15735.261333530447)	(63.0, 12759.429595696116)	(64.0, 9945.170857342237)	(65.0, 7763.059058265932)	(66.0, 6130.388430465055)	(67.0, 4997.172619602213)	(68.0, 4312.866025709566)	(69.0, 3719.739115216991)	(70.0, 3239.7604944263335)	(71.0, 2301.8111787392813)	(72.0, 1969.8043003350697)	(73.0, 1732.1217477292928)	(74.0, 1484.6987430949257)	(75.0, 1252.7535655195104)	(76.0, 1081.0003120164301)	(77.0, 867.9977925824562)	(78.0, 714.2886982883164)	(79.0, 674.307530372855)	(80.0, 627.4077875529488)	(81.0, 541.5783910533884)	(82.0, 475.5828643578627)	(83.0, 394.82665945165826)	(84.0, 320.78914141414066)	(85.0, 265.66961094461107)	(86.0, 217.98189731415533)	(87.0, 200.4948773448773)	(88.0, 172.6018550698128)	(89.0, 148.62241124710872)	(90.0, 121.80169552669553)	(91.0, 100.96002886002887)	(92.0, 91.86302374747085)	(93.0, 89.59577283214198)	(94.0, 94.67018555228259)	(95.0, 119.82663837556312)	(96.0, 146.19183032588245)	(97.0, 190.25467710266287)	(98.0, 338.7026917304818)	(99.0, 774.8463818829891)	(100.0, 1972.2354185958459)
FBA43334_pass_6846ed3b_6b29293f_concatenated	(0.0, 1.5)	(1.0, 0.75)	(2.0, 0.0)	(3.0, 0.0)	(4.0, 0.0)	(5.0, 2.7887085137085132)	(6.0, 16.24329356280579)	(7.0, 12.82330447330448)	(8.0, 9.0741341991342)	(9.0, 10.722113997113999)	(10.0, 11.694588744588748)	(11.0, 13.840584415584422)	(12.0, 21.65649350649351)	(13.0, 32.511038961038956)	(14.0, 42.426046176046185)	(15.0, 58.11201298701302)	(16.0, 99.73420611646414)	(17.0, 144.92926383652178)	(18.0, 223.7809354044651)	(19.0, 352.05660173160044)	(20.0, 521.5870560443095)	(21.0, 805.4593726734076)	(22.0, 1217.811711306763)	(23.0, 1827.3322944721738)	(24.0, 2663.7817649551225)	(25.0, 3662.829877197273)	(26.0, 4849.428604576591)	(27.0, 6012.923676538165)	(28.0, 7310.628788917869)	(29.0, 8524.600366377299)	(30.0, 9603.309540530656)	(31.0, 10660.328202579769)	(32.0, 11118.138244742138)	(33.0, 11319.198440687565)	(34.0, 11202.71018525467)	(35.0, 11015.43747825734)	(36.0, 11132.80669577023)	(37.0, 11394.966498261108)	(38.0, 11799.244703305201)	(39.0, 12740.263110194417)	(40.0, 13642.519412636486)	(41.0, 13085.554999826838)	(42.0, 12797.014767255334)	(43.0, 12604.330539071252)	(44.0, 13052.260873931025)	(45.0, 13187.52382034535)	(46.0, 11877.931442499528)	(47.0, 10440.925434958333)	(48.0, 9609.563404169387)	(49.0, 9352.418995077285)	(50.0, 9408.79246229047)	(51.0, 8816.232098661312)	(52.0, 8942.496415910167)	(53.0, 14181.464846643908)	(54.0, 33059.8948042414)	(55.0, 33284.36066145387)	(56.0, 30891.533926595737)	(57.0, 21357.010727381534)	(58.0, 15906.068612193872)	(59.0, 15889.870073832986)	(60.0, 21385.99759321175)	(61.0, 29176.275122338568)	(62.0, 30773.91384286857)	(63.0, 12761.477475250289)	(64.0, 11793.559761704073)	(65.0, 13108.456383450566)	(66.0, 16212.931792719626)	(67.0, 15407.631579680268)	(68.0, 32409.04633542016)	(69.0, 31151.15770753264)	(70.0, 12739.208281740714)	(71.0, 35601.750510429374)	(72.0, 6856.533157765639)	(73.0, 4230.284027698927)	(74.0, 5935.5182044656685)	(75.0, 9384.836601985371)	(76.0, 15939.469873335529)	(77.0, 2262.044101215159)	(78.0, 768.0999199755888)	(79.0, 417.9800520539566)	(80.0, 347.52718141546984)	(81.0, 244.66532874005387)	(82.0, 207.72767369447624)	(83.0, 156.41259850903546)	(84.0, 179.81862571640352)	(85.0, 193.65613306090327)	(86.0, 194.89554066005695)	(87.0, 236.91460517407498)	(88.0, 252.1713448126318)	(89.0, 156.63308779034588)	(90.0, 107.87626262626262)	(91.0, 92.81158008658008)	(92.0, 57.97619047619048)	(93.0, 26.11111111111111)	(94.0, 9.0)	(95.0, 3.8333333333333335)	(96.0, 1.5)	(97.0, 0.35772357723577236)	(98.0, 0.0070921985815602835)	(99.0, 0.5)	(100.0, 2.0)
FBA62655_pass_9d20541a_79aab80e_concatenated	(0.0, 110.69761904761904)	(1.0, 64.67735185960998)	(2.0, 49.78356753454351)	(3.0, 46.46679605754956)	(4.0, 41.257662944252594)	(5.0, 37.86234761784532)	(6.0, 50.507802681189936)	(7.0, 49.51211469961874)	(8.0, 44.81450498723686)	(9.0, 49.99911722264666)	(10.0, 52.0595677544548)	(11.0, 60.388639883152116)	(12.0, 74.0948981298319)	(13.0, 87.95606060606057)	(14.0, 114.33854313746768)	(15.0, 153.87954545454568)	(16.0, 192.1891800224407)	(17.0, 246.42810943536838)	(18.0, 360.9666112342925)	(19.0, 529.9029942279892)	(20.0, 718.9770249238884)	(21.0, 986.8006889452206)	(22.0, 1431.647029330753)	(23.0, 1931.8166341110996)	(24.0, 2524.4402028331597)	(25.0, 3261.78798904707)	(26.0, 4198.179940631652)	(27.0, 5049.247899889089)	(28.0, 5763.625470664981)	(29.0, 6282.212451883979)	(30.0, 6855.0034239593215)	(31.0, 7258.061453536165)	(32.0, 7346.484537986123)	(33.0, 7379.124311303183)	(34.0, 7300.505793707967)	(35.0, 7342.705184436032)	(36.0, 7584.444812313317)	(37.0, 8102.314944913253)	(38.0, 8949.18837787058)	(39.0, 10827.488301141953)	(40.0, 11814.47134498107)	(41.0, 10652.49278989839)	(42.0, 10392.894226609971)	(43.0, 9977.835215106823)	(44.0, 10286.343648690252)	(45.0, 10425.553086669235)	(46.0, 9590.374101261175)	(47.0, 8566.891002521174)	(48.0, 8065.052399298804)	(49.0, 7946.504810740315)	(50.0, 8139.115106264807)	(51.0, 8175.516063571281)	(52.0, 8269.492046029538)	(53.0, 9964.529141904803)	(54.0, 16515.358424853657)	(55.0, 19201.510426883913)	(56.0, 20889.179284268077)	(57.0, 18921.910431082077)	(58.0, 16043.396894024962)	(59.0, 14188.543115905719)	(60.0, 18210.17722874098)	(61.0, 19374.309816885976)	(62.0, 14246.446324266853)	(63.0, 9357.208175536243)	(64.0, 9191.600560395942)	(65.0, 10158.471336332803)	(66.0, 11468.841597738028)	(67.0, 8709.350582279001)	(68.0, 7836.325787133273)	(69.0, 7482.94377066918)	(70.0, 5262.203104047658)	(71.0, 4847.048737700247)	(72.0, 2440.578523065457)	(73.0, 1497.294955254146)	(74.0, 1479.8372671392983)	(75.0, 1761.6813057613833)	(76.0, 1539.0536991641245)	(77.0, 675.9067205651454)	(78.0, 538.9611423811529)	(79.0, 361.033340457506)	(80.0, 288.06777797073363)	(81.0, 240.17802514426083)	(82.0, 200.06898949027183)	(83.0, 175.21574775607363)	(84.0, 143.44384641180415)	(85.0, 133.27251082251072)	(86.0, 163.9923351158645)	(87.0, 262.0542638365233)	(88.0, 401.3822510822467)	(89.0, 244.41203474218946)	(90.0, 68.84368686868692)	(91.0, 41.640909090909076)	(92.0, 32.16666666666667)	(93.0, 22.506211180124225)	(94.0, 21.0)	(95.0, 19.0)	(96.0, 16.0)	(97.0, 16.0)	(98.0, 17.339544513457557)	(99.0, 18.833333333333332)	(100.0, 21.0)
FBA62655_pass_9d20541a_79aab80e_merged	(0.0, 117.19761904761903)	(1.0, 68.92735185960997)	(2.0, 55.88594848692446)	(3.0, 65.67540238881135)	(4.0, 64.18864774084233)	(5.0, 60.53500274050044)	(6.0, 68.9804996974352)	(7.0, 75.60515221765621)	(8.0, 68.42740671559991)	(9.0, 81.98863848569728)	(10.0, 95.37729660397167)	(11.0, 122.52792559743777)	(12.0, 177.34043581510488)	(13.0, 276.8655844155844)	(14.0, 450.79061544787265)	(15.0, 657.7903318903346)	(16.0, 887.1081956312497)	(17.0, 1162.5812840385383)	(18.0, 1621.6937704571665)	(19.0, 2314.3363636363765)	(20.0, 3168.5687873499933)	(21.0, 4382.132074226585)	(22.0, 8396.114385946517)	(23.0, 13460.6671391628)	(24.0, 14056.491748472057)	(25.0, 13772.099849702909)	(26.0, 17032.709369717268)	(27.0, 21339.148914702007)	(28.0, 26535.928955464093)	(29.0, 32833.91986777881)	(30.0, 42197.09013621439)	(31.0, 47961.956099219824)	(32.0, 50210.944568995365)	(33.0, 58860.134864544685)	(34.0, 71172.21034555142)	(35.0, 84499.76984025897)	(36.0, 97413.14378829948)	(37.0, 110691.07171599513)	(38.0, 131224.6276370905)	(39.0, 149455.56626266378)	(40.0, 157546.18050331128)	(41.0, 164095.11524957625)	(42.0, 166578.10712507422)	(43.0, 169438.58845529717)	(44.0, 173038.20352524484)	(45.0, 168593.5168771032)	(46.0, 168245.29270748855)	(47.0, 164118.14130403064)	(48.0, 161111.09247663722)	(49.0, 166880.8725021838)	(50.0, 158618.5395590101)	(51.0, 149715.81702538126)	(52.0, 150084.41813337742)	(53.0, 153526.7992144259)	(54.0, 187338.54507699996)	(55.0, 205250.86638056082)	(56.0, 216441.1005022185)	(57.0, 202546.79010531981)	(58.0, 175645.6789730319)	(59.0, 153569.29592349788)	(60.0, 172793.26667142424)	(61.0, 174664.0495551139)	(62.0, 138514.98553582738)	(63.0, 106254.50243999083)	(64.0, 103144.66696511912)	(65.0, 105443.51677170978)	(66.0, 108671.3766160773)	(67.0, 86210.52619660225)	(68.0, 74014.15500818568)	(69.0, 68799.51924973534)	(70.0, 53786.19526910923)	(71.0, 49740.14021834634)	(72.0, 33566.58102413107)	(73.0, 24511.453577751454)	(74.0, 21744.44402622025)	(75.0, 21654.52818159995)	(76.0, 18919.734524513526)	(77.0, 12650.394616332942)	(78.0, 10293.001530549058)	(79.0, 7696.190172148997)	(80.0, 6397.436213278623)	(81.0, 5436.543911960811)	(82.0, 4427.698316450998)	(83.0, 3648.083303275214)	(84.0, 2962.873792756516)	(85.0, 2585.751443001459)	(86.0, 2388.917105933276)	(87.0, 2660.7434401620485)	(88.0, 3306.000649350918)	(89.0, 2194.7626846435046)	(90.0, 953.3037878787949)	(91.0, 603.0454545454544)	(92.0, 387.75)	(93.0, 204.69772256728777)	(94.0, 118.5)	(95.0, 71.61111111111111)	(96.0, 36.67070707070707)	(97.0, 25.649242424242424)	(98.0, 21.17287784679089)	(99.0, 22.765151515151516)	(100.0, 22.5)
chopper_filtered_FBA22517_pass_d17fa1e0_a6486b6e_concatenated	(0.0, 0.0)	(1.0, 0.8333333333333333)	(2.0, 1.3333333333333333)	(3.0, 3.2499999999999996)	(4.0, 6.133333333333334)	(5.0, 9.266666666666667)	(6.0, 6.983333333333333)	(7.0, 14.2)	(8.0, 19.416666666666664)	(9.0, 17.0)	(10.0, 8.676190476190476)	(11.0, 5.119047619047619)	(12.0, 5.392857142857143)	(13.0, 3.5357142857142856)	(14.0, 7.25)	(15.0, 15.5)	(16.0, 26.491666666666667)	(17.0, 47.11904761904762)	(18.0, 88.08095238095238)	(19.0, 133.11230158730157)	(20.0, 186.65202020202028)	(21.0, 283.0603535353536)	(22.0, 457.95681818181697)	(23.0, 702.1909451659466)	(24.0, 969.2005050505132)	(25.0, 1354.787049062046)	(26.0, 1860.794516594491)	(27.0, 2480.9362554112386)	(28.0, 3190.3192989805825)	(29.0, 3939.9052246326187)	(30.0, 4727.151093445631)	(31.0, 5541.287353781645)	(32.0, 6319.147842025726)	(33.0, 6875.373015667714)	(34.0, 7449.68762464877)	(35.0, 8047.4581969345745)	(36.0, 8725.539196340442)	(37.0, 9489.88827160005)	(38.0, 10556.942540372049)	(39.0, 12316.577129648918)	(40.0, 14806.528159108864)	(41.0, 17129.748862596825)	(42.0, 21326.863339078125)	(43.0, 28315.073099356374)	(44.0, 36508.52321549137)	(45.0, 52396.68187390928)	(46.0, 71614.98625200242)	(47.0, 85997.89796848038)	(48.0, 69597.02693139839)	(49.0, 33033.29753920505)	(50.0, 25920.597589205696)	(51.0, 23771.58415797256)	(52.0, 23132.717739711727)	(53.0, 23024.58572128223)	(54.0, 24914.39574905344)	(55.0, 23349.837893195225)	(56.0, 22652.21884332816)	(57.0, 19407.32898234678)	(58.0, 15161.569206029597)	(59.0, 13555.895765224464)	(60.0, 13207.325593059497)	(61.0, 12399.837888869612)	(62.0, 10368.917841154269)	(63.0, 8083.2260472487)	(64.0, 5993.226135325634)	(65.0, 4568.771120083941)	(66.0, 3414.0405685765572)	(67.0, 2720.281291822916)	(68.0, 2358.43190234268)	(69.0, 1923.9397865932426)	(70.0, 1635.4898917537314)	(71.0, 1115.3867665184398)	(72.0, 867.765834896134)	(73.0, 779.3368793393528)	(74.0, 674.5173867916395)	(75.0, 551.261527205351)	(76.0, 488.8784904763642)	(77.0, 391.93611698642746)	(78.0, 307.7434476518104)	(79.0, 264.15930968672893)	(80.0, 234.7391833077316)	(81.0, 216.6823593073591)	(82.0, 185.64127682353492)	(83.0, 139.5223665223667)	(84.0, 103.0851370851371)	(85.0, 74.26948051948054)	(86.0, 64.35566378066386)	(87.0, 50.765548340548385)	(88.0, 41.988211479878146)	(89.0, 33.00426037377256)	(90.0, 23.146103896103895)	(91.0, 13.90599173553719)	(92.0, 11.656578020853068)	(93.0, 13.110648409561453)	(94.0, 14.637276014046273)	(95.0, 21.570468509984636)	(96.0, 26.09262822308056)	(97.0, 35.75786563387034)	(98.0, 68.93056997556879)	(99.0, 150.81430448114875)	(100.0, 758.7123210060639)
chopper_filtered_FBA22660_pass_d1e1158a_77e47f3b_concatenated	(0.0, 3.0)	(1.0, 3.3333333333333335)	(2.0, 3.7500000000000004)	(3.0, 4.65)	(4.0, 13.516666666666664)	(5.0, 16.166666666666668)	(6.0, 20.016666666666662)	(7.0, 28.66666666666666)	(8.0, 30.309523809523803)	(9.0, 24.309523809523807)	(10.0, 19.333333333333336)	(11.0, 8.916666666666666)	(12.0, 6.6761904761904765)	(13.0, 10.761904761904761)	(14.0, 17.244047619047617)	(15.0, 19.851190476190474)	(16.0, 32.166666666666664)	(17.0, 61.93217893217895)	(18.0, 106.47619047619047)	(19.0, 176.1345238095238)	(20.0, 259.37896825396854)	(21.0, 431.9833333333321)	(22.0, 672.0523809523828)	(23.0, 957.6148629148711)	(24.0, 1392.7623376623328)	(25.0, 1935.843145743117)	(26.0, 2586.214249639247)	(27.0, 3500.861363636402)	(28.0, 4644.126839855132)	(29.0, 5735.752884466556)	(30.0, 6924.158584248629)	(31.0, 8201.555342935168)	(32.0, 9377.655566293482)	(33.0, 10228.577778844045)	(34.0, 11024.486696129865)	(35.0, 11950.534339312555)	(36.0, 13082.503161097049)	(37.0, 14079.382247642148)	(38.0, 15315.343481460804)	(39.0, 17620.33695737247)	(40.0, 21285.479084661616)	(41.0, 24580.67088469631)	(42.0, 30178.761320525777)	(43.0, 39997.80235654507)	(44.0, 51342.05548713984)	(45.0, 74982.65454228754)	(46.0, 106959.68336123586)	(47.0, 131247.23128156847)	(48.0, 109492.8938671477)	(49.0, 47327.38754093518)	(50.0, 36358.51026683484)	(51.0, 33951.35268755194)	(52.0, 33172.17365051412)	(53.0, 32350.114020495308)	(54.0, 35243.79890575515)	(55.0, 32729.290854496045)	(56.0, 31697.199234577263)	(57.0, 27603.485587505595)	(58.0, 21589.097748138956)	(59.0, 19155.58179305648)	(60.0, 18512.510703172542)	(61.0, 17474.260172610437)	(62.0, 14613.69113150899)	(63.0, 11663.678982419133)	(64.0, 8877.814327758622)	(65.0, 6758.266020747924)	(66.0, 5156.511193812776)	(67.0, 4037.4051232096367)	(68.0, 3401.8225913660744)	(69.0, 2869.5869507147418)	(70.0, 2474.096353012155)	(71.0, 1625.2365034146274)	(72.0, 1359.2614431922652)	(73.0, 1184.313739071334)	(74.0, 1011.2495006707188)	(75.0, 841.7844457504058)	(76.0, 718.6248791159894)	(77.0, 544.0061259157749)	(78.0, 413.6053649549776)	(79.0, 379.5666212819417)	(80.0, 344.4994542196141)	(81.0, 302.57839105339053)	(82.0, 271.41619769119757)	(83.0, 215.7357503607507)	(84.0, 160.85580808080826)	(85.0, 122.66961094461085)	(86.0, 91.2318973141554)	(87.0, 88.79487734487736)	(88.0, 73.60185506981287)	(89.0, 57.12241124710876)	(90.0, 40.301695526695546)	(91.0, 30.126695526695517)	(92.0, 25.86302374747085)	(93.0, 22.595772832141954)	(94.0, 22.836852218949225)	(95.0, 32.99330504222977)	(96.0, 46.06683032588248)	(97.0, 61.254677102663095)	(98.0, 126.65507268286366)	(99.0, 332.8463818829859)	(100.0, 1356.7354185958554)
chopper_filtered_dorado_trimmed_FAZ80247_pass_03069096_5394ef1c_concatenated	(0.0, 0.5026954177897575)	(1.0, 0.7648118520488477)	(2.0, 2.306570123297284)	(3.0, 1.5171336350729878)	(4.0, 1.5)	(5.0, 3.338199911615955)	(6.0, 5.169362084456424)	(7.0, 8.400756124991695)	(8.0, 9.987073320824784)	(9.0, 18.086979616189016)	(10.0, 31.0551948051948)	(11.0, 42.0)	(12.0, 64.53627450980392)	(13.0, 97.51666666666667)	(14.0, 153.17656765676568)	(15.0, 227.37901234567903)	(16.0, 354.2022172949002)	(17.0, 490.0833333333331)	(18.0, 609.0833333333333)	(19.0, 779.8385281385288)	(20.0, 1000.2333333333355)	(21.0, 1282.0642857142843)	(22.0, 1633.6095238095172)	(23.0, 2031.924891774873)	(24.0, 2487.9902236652356)	(25.0, 2969.0436966621523)	(26.0, 3506.2618326118754)	(27.0, 4219.658261183277)	(28.0, 5135.925288600079)	(29.0, 6072.767431224207)	(30.0, 7249.3040834887215)	(31.0, 8681.352142504873)	(32.0, 10400.724682903001)	(33.0, 12132.06561319483)	(34.0, 14852.188335174853)	(35.0, 19048.274989175647)	(36.0, 22395.43981627354)	(37.0, 28583.33245554914)	(38.0, 37840.13679388219)	(39.0, 48027.930731730834)	(40.0, 61886.244846492315)	(41.0, 89344.89016317038)	(42.0, 110490.33993156845)	(43.0, 123297.82130039948)	(44.0, 136476.16173545487)	(45.0, 146388.58040112755)	(46.0, 153185.78936136066)	(47.0, 162822.94348410986)	(48.0, 152147.00283667192)	(49.0, 141907.31757962087)	(50.0, 143648.82547769605)	(51.0, 154467.6677382986)	(52.0, 161843.83082291763)	(53.0, 140374.73158675001)	(54.0, 132307.3808834962)	(55.0, 121325.3206579932)	(56.0, 123241.23080079767)	(57.0, 86084.99501450932)	(58.0, 77485.56441180721)	(59.0, 66164.57245926601)	(60.0, 48376.341503737094)	(61.0, 45275.144404810424)	(62.0, 27982.09040686242)	(63.0, 19068.299828177056)	(64.0, 10721.544886045675)	(65.0, 6423.500689395709)	(66.0, 4759.25898668252)	(67.0, 3248.018267932592)	(68.0, 1872.8741120885977)	(69.0, 1292.551695526693)	(70.0, 929.3225108225225)	(71.0, 590.0637806637798)	(72.0, 380.480122655121)	(73.0, 266.0047258297264)	(74.0, 210.50869408369445)	(75.0, 147.26998556998558)	(76.0, 92.24108946608938)	(77.0, 55.40667388167392)	(78.0, 35.531565656565654)	(79.0, 28.46608946608946)	(80.0, 15.650432900432902)	(81.0, 6.559523809523809)	(82.0, 1.5773809523809523)	(83.0, 1.7178571428571427)	(84.0, 2.0)	(85.0, 0.9857142857142858)	(86.0, 0.14285714285714285)	(87.0, 0.25)	(88.0, 0.5)	(89.0, 0.27439024390243905)	(90.0, 0.3333333333333333)	(91.0, 0.0)	(92.0, 0.0)	(93.0, 0.0)	(94.0, 0.0)	(95.0, 0.0)	(96.0, 0.0)	(97.0, 0.0)	(98.0, 0.0)	(99.0, 0.0)	(100.0, 0.3333333333333333)
chopper_filtered_dorado_trimmed_FAZ83542_pass_1344a466_45031b9d_concatenated	(0.0, 2.5408946284858693)	(1.0, 1.268627873700651)	(2.0, 0.5105574103534511)	(3.0, 0.5022868977406834)	(4.0, 1.4068330665940227)	(5.0, 2.2347487805767647)	(6.0, 4.6701030927835046)	(7.0, 5.2358302592830634)	(8.0, 9.294362084456424)	(9.0, 23.59096692111959)	(10.0, 33.61666666666666)	(11.0, 46.59288840120927)	(12.0, 72.58333333333333)	(13.0, 120.14404620349923)	(14.0, 193.1231671554252)	(15.0, 290.33333333333337)	(16.0, 409.08333333333326)	(17.0, 552.7499999999999)	(18.0, 735.166666666667)	(19.0, 958.4500000000013)	(20.0, 1183.8011904761904)	(21.0, 1489.6170995670955)	(22.0, 1937.8128978864156)	(23.0, 2368.3352092352056)	(24.0, 2845.7317856263285)	(25.0, 3350.4573953824474)	(26.0, 3854.104260373833)	(27.0, 4680.809419103874)	(28.0, 5693.584783316728)	(29.0, 6794.593366847587)	(30.0, 8320.266614469068)	(31.0, 10181.23023981962)	(32.0, 12258.115900254623)	(33.0, 14451.018533516124)	(34.0, 17484.520030112602)	(35.0, 22120.24937439384)	(36.0, 25325.890348815512)	(37.0, 30750.380631267282)	(38.0, 39388.89944121794)	(39.0, 48696.8210651436)	(40.0, 60598.006832918385)	(41.0, 85238.52065120012)	(42.0, 104142.31986267108)	(43.0, 116611.7736769207)	(44.0, 130842.67312494267)	(45.0, 141329.17179820212)	(46.0, 147293.13182971155)	(47.0, 157593.49603123567)	(48.0, 148138.94580525492)	(49.0, 138365.96228219793)	(50.0, 140538.74660938926)	(51.0, 151973.08686196673)	(52.0, 162315.872187345)	(53.0, 143731.6414720097)	(54.0, 137322.02334298112)	(55.0, 131134.23638956336)	(56.0, 131770.7011663049)	(57.0, 90612.22319011163)	(58.0, 82538.85245470067)	(59.0, 69948.95098039518)	(60.0, 51465.33115633023)	(61.0, 47743.83582909223)	(62.0, 30557.459533334004)	(63.0, 22021.261393568242)	(64.0, 13439.496496686921)	(65.0, 8584.128568948487)	(66.0, 6397.130565908206)	(67.0, 4590.814274077112)	(68.0, 2887.5188634866527)	(69.0, 2013.700299102005)	(70.0, 1372.6572871572766)	(71.0, 967.1938311688458)	(72.0, 729.2459595959638)	(73.0, 535.2636363636328)	(74.0, 499.0233475873636)	(75.0, 327.60310245310035)	(76.0, 192.7155483405485)	(77.0, 136.76677489177487)	(78.0, 92.52287157287155)	(79.0, 65.73185425685432)	(80.0, 34.60905483405483)	(81.0, 18.67486268212075)	(82.0, 14.293109668109667)	(83.0, 9.350180375180374)	(84.0, 6.667532467532467)	(85.0, 5.033008658008658)	(86.0, 2.125)	(87.0, 1.9999999999999998)	(88.0, 1.0)	(89.0, 1.0)	(90.0, 0.5)	(91.0, 0.0)	(92.0, 0.0)	(93.0, 0.0)	(94.0, 0.0)	(95.0, 0.0)	(96.0, 0.0)	(97.0, 0.0)	(98.0, 0.0055248618784530384)	(99.0, 0.0)	(100.0, 0.0)
chopper_filtered_dorado_trimmed_FBA43334_pass_6846ed3b_6b29293f_concatenated	(0.0, 8.0)	(1.0, 11.083333333333332)	(2.0, 11.783333333333333)	(3.0, 19.804761904761904)	(4.0, 47.1430375180376)	(5.0, 63.279260373772715)	(6.0, 75.64960669411897)	(7.0, 95.36049783549782)	(8.0, 122.61147186147186)	(9.0, 164.1218614718615)	(10.0, 228.17846320346337)	(11.0, 291.9994227994228)	(12.0, 373.8047258297254)	(13.0, 501.92954545454415)	(14.0, 672.8707070707079)	(15.0, 861.5515151515185)	(16.0, 1102.6759810082424)	(17.0, 1399.4091991341957)	(18.0, 1682.6853004838163)	(19.0, 2038.717431224663)	(20.0, 2477.183225108227)	(21.0, 2930.2333986474546)	(22.0, 3455.75074455262)	(23.0, 4234.91512968055)	(24.0, 4716.818424173967)	(25.0, 5094.082810883765)	(26.0, 5594.481130336563)	(27.0, 6072.6786480311175)	(28.0, 6635.634095625251)	(29.0, 7078.295603073735)	(30.0, 7636.711854882053)	(31.0, 8145.671846069589)	(32.0, 8378.45149645243)	(33.0, 8555.092545362486)	(34.0, 8724.007867492966)	(35.0, 8903.899729238146)	(36.0, 9316.884516402564)	(37.0, 9899.500088073282)	(38.0, 10605.928650970216)	(39.0, 11716.375426007882)	(40.0, 12875.43873038762)	(41.0, 12546.332916934223)	(42.0, 12334.225676319971)	(43.0, 11852.138997277072)	(44.0, 12068.3507784506)	(45.0, 12604.417242174646)	(46.0, 11284.978705463724)	(47.0, 10513.107339110933)	(48.0, 9609.728903470677)	(49.0, 8938.529856295583)	(50.0, 9238.016330227334)	(51.0, 8953.219658633854)	(52.0, 9040.734769312341)	(53.0, 11152.157035744256)	(54.0, 25258.62568362739)	(55.0, 35862.42510831363)	(56.0, 35733.366920796936)	(57.0, 24051.59975677726)	(58.0, 17967.883418600755)	(59.0, 12791.381523424872)	(60.0, 16592.850788749416)	(61.0, 25799.57007729195)	(62.0, 21469.67593082339)	(63.0, 19845.25076183554)	(64.0, 22133.283374800292)	(65.0, 16126.46371293735)	(66.0, 20244.44993727592)	(67.0, 13952.026573945926)	(68.0, 23769.363248856705)	(69.0, 39367.365524048124)	(70.0, 17202.950256503795)	(71.0, 31206.13404158517)	(72.0, 17450.407919901925)	(73.0, 4308.631014002524)	(74.0, 8680.18466478628)	(75.0, 8926.247433098162)	(76.0, 16389.973256671892)	(77.0, 9939.33940444545)	(78.0, 1404.468226873855)	(79.0, 1430.3733765719685)	(80.0, 669.6661117471562)	(81.0, 397.75379171076935)	(82.0, 278.74577336836217)	(83.0, 234.595418397884)	(84.0, 214.11010502562496)	(85.0, 192.98008688485714)	(86.0, 182.40211329888768)	(87.0, 223.64039882486878)	(88.0, 243.65275918678816)	(89.0, 153.06386677838293)	(90.0, 102.04686147186146)	(91.0, 87.39253246753246)	(92.0, 54.235714285714295)	(93.0, 24.242929292929293)	(94.0, 7.809523809523809)	(95.0, 1.5)	(96.0, 0.3333333333333333)	(97.0, 0.3333333333333333)	(98.0, 0.19814910915066597)	(99.0, 0.16666666666666666)	(100.0, 1.0)
chopper_filtered_dorado_trimmed_FBA62655_pass_9d20541a_79aab80e_concatenated	(0.0, 89.19761904761903)	(1.0, 47.67735185960991)	(2.0, 44.90023420121014)	(3.0, 57.060843676597194)	(4.0, 84.5370280236178)	(5.0, 118.88612106661891)	(6.0, 147.64211004049713)	(7.0, 182.91983475733878)	(8.0, 227.46252086025277)	(9.0, 294.20041592394534)	(10.0, 390.8870569319436)	(11.0, 506.96897898849045)	(12.0, 615.1858432957767)	(13.0, 765.1958874458885)	(14.0, 970.9922300174486)	(15.0, 1157.6961038961056)	(16.0, 1396.7798435703598)	(17.0, 1667.8255050504931)	(18.0, 1927.7884727061344)	(19.0, 2215.0231601731407)	(20.0, 2494.29224858911)	(21.0, 2769.770825797621)	(22.0, 3086.340640529909)	(23.0, 3550.3496788442794)	(24.0, 3843.784106152169)	(25.0, 4118.536214388075)	(26.0, 4521.709456993307)	(27.0, 4767.434691799499)	(28.0, 5051.684572640365)	(29.0, 5375.531227878333)	(30.0, 5761.8977308042695)	(31.0, 6019.866258806502)	(32.0, 6097.7847212178385)	(33.0, 6231.933535503606)	(34.0, 6288.044448241976)	(35.0, 6549.998365701897)	(36.0, 6917.0865260218925)	(37.0, 7652.294834200831)	(38.0, 8787.536404446351)	(39.0, 10662.284975812287)	(40.0, 11723.441703496474)	(41.0, 10825.285015789035)	(42.0, 10565.55236243008)	(43.0, 9913.485545111904)	(44.0, 10077.875544327768)	(45.0, 10604.947261958878)	(46.0, 9870.475084319674)	(47.0, 8990.61209047732)	(48.0, 8432.940015025828)	(49.0, 8335.393066641776)	(50.0, 8332.96640829135)	(51.0, 8403.038131523914)	(52.0, 8360.163222448129)	(53.0, 8747.220872538664)	(54.0, 13863.790724766075)	(55.0, 18851.06546729179)	(56.0, 21491.25288539341)	(57.0, 18660.0244192412)	(58.0, 16142.35460425182)	(59.0, 12023.112948116786)	(60.0, 13754.9318907467)	(61.0, 18731.73736974318)	(62.0, 15324.327608069325)	(63.0, 10960.322256246682)	(64.0, 11822.620243366982)	(65.0, 13114.875264098526)	(66.0, 16062.270394718138)	(67.0, 12021.835315222379)	(68.0, 10137.787574640191)	(69.0, 9051.68657711278)	(70.0, 8573.235494052493)	(71.0, 6209.700686226938)	(72.0, 3432.9720777325497)	(73.0, 1802.776325403617)	(74.0, 2019.2496046794513)	(75.0, 1846.5881910586759)	(76.0, 1977.453478863666)	(77.0, 1339.4809408219835)	(78.0, 735.104483468696)	(79.0, 904.7066130703472)	(80.0, 506.42939661743634)	(81.0, 315.21492580655416)	(82.0, 219.35746457727623)	(83.0, 187.56167127699686)	(84.0, 135.9700370212666)	(85.0, 106.47864357864367)	(86.0, 135.60941558441536)	(87.0, 238.42733488312373)	(88.0, 368.44660894660575)	(89.0, 213.38551959067374)	(90.0, 44.05483405483408)	(91.0, 20.43535353535354)	(92.0, 10.833333333333332)	(93.0, 4.430453604366647)	(94.0, 2.2)	(95.0, 1.0)	(96.0, 0.0)	(97.0, 0.0)	(98.0, 0.839544513457557)	(99.0, 0.8333333333333333)	(100.0, 2.0)
dorado_FBA62655_pass_9d20541a_79aab80e_concatenated	(0.0, 110.69761904761904)	(1.0, 64.67735185960998)	(2.0, 49.78356753454351)	(3.0, 46.46679605754956)	(4.0, 41.257662944252594)	(5.0, 37.86234761784532)	(6.0, 50.507802681189936)	(7.0, 49.51211469961874)	(8.0, 44.81450498723686)	(9.0, 49.99911722264666)	(10.0, 52.0595677544548)	(11.0, 60.388639883152116)	(12.0, 74.0948981298319)	(13.0, 87.95606060606057)	(14.0, 114.33854313746768)	(15.0, 153.87954545454568)	(16.0, 192.1891800224407)	(17.0, 246.42810943536838)	(18.0, 360.9666112342925)	(19.0, 529.9029942279892)	(20.0, 718.9770249238884)	(21.0, 986.8006889452206)	(22.0, 1431.647029330753)	(23.0, 1931.8166341110996)	(24.0, 2524.4402028331597)	(25.0, 3261.78798904707)	(26.0, 4198.179940631652)	(27.0, 5049.247899889089)	(28.0, 5763.625470664981)	(29.0, 6282.212451883979)	(30.0, 6855.0034239593215)	(31.0, 7258.061453536165)	(32.0, 7346.484537986123)	(33.0, 7379.124311303183)	(34.0, 7300.505793707967)	(35.0, 7342.705184436032)	(36.0, 7584.444812313317)	(37.0, 8102.314944913253)	(38.0, 8949.18837787058)	(39.0, 10827.488301141953)	(40.0, 11814.47134498107)	(41.0, 10652.49278989839)	(42.0, 10392.894226609971)	(43.0, 9977.835215106823)	(44.0, 10286.343648690252)	(45.0, 10425.553086669235)	(46.0, 9590.374101261175)	(47.0, 8566.891002521174)	(48.0, 8065.052399298804)	(49.0, 7946.504810740315)	(50.0, 8139.115106264807)	(51.0, 8175.516063571281)	(52.0, 8269.492046029538)	(53.0, 9964.529141904803)	(54.0, 16515.358424853657)	(55.0, 19201.510426883913)	(56.0, 20889.179284268077)	(57.0, 18921.910431082077)	(58.0, 16043.396894024962)	(59.0, 14188.543115905719)	(60.0, 18210.17722874098)	(61.0, 19374.309816885976)	(62.0, 14246.446324266853)	(63.0, 9357.208175536243)	(64.0, 9191.600560395942)	(65.0, 10158.471336332803)	(66.0, 11468.841597738028)	(67.0, 8709.350582279001)	(68.0, 7836.325787133273)	(69.0, 7482.94377066918)	(70.0, 5262.203104047658)	(71.0, 4847.048737700247)	(72.0, 2440.578523065457)	(73.0, 1497.294955254146)	(74.0, 1479.8372671392983)	(75.0, 1761.6813057613833)	(76.0, 1539.0536991641245)	(77.0, 675.9067205651454)	(78.0, 538.9611423811529)	(79.0, 361.033340457506)	(80.0, 288.06777797073363)	(81.0, 240.17802514426083)	(82.0, 200.06898949027183)	(83.0, 175.21574775607363)	(84.0, 143.44384641180415)	(85.0, 133.27251082251072)	(86.0, 163.9923351158645)	(87.0, 262.0542638365233)	(88.0, 401.3822510822467)	(89.0, 244.41203474218946)	(90.0, 68.84368686868692)	(91.0, 41.640909090909076)	(92.0, 32.16666666666667)	(93.0, 22.506211180124225)	(94.0, 21.0)	(95.0, 19.0)	(96.0, 16.0)	(97.0, 16.0)	(98.0, 17.339544513457557)	(99.0, 18.833333333333332)	(100.0, 21.0)
dorado_trim_full_length_pychopper_output.FAZ80247_pass_03069096_5394ef1c_concatenated	(0.0, 243.0)	(1.0, 233.83333333333334)	(2.0, 234.5)	(3.0, 251.33333333333334)	(4.0, 236.50000000000003)	(5.0, 230.91666666666669)	(6.0, 304.58333333333337)	(7.0, 396.1666666666667)	(8.0, 456.8333333333333)	(9.0, 522.0)	(10.0, 569.8333333333333)	(11.0, 578.6666666666666)	(12.0, 590.8333333333334)	(13.0, 635.3333333333333)	(14.0, 697.8333333333333)	(15.0, 750.1666666666667)	(16.0, 795.9500000000002)	(17.0, 837.0833333333335)	(18.0, 933.9166666666671)	(19.0, 1065.8666666666672)	(20.0, 1164.8333333333337)	(21.0, 1295.0166666666662)	(22.0, 1465.0595238095223)	(23.0, 1639.6254329004305)	(24.0, 1825.6132034631985)	(25.0, 2066.221248196236)	(26.0, 2315.3815656565594)	(27.0, 2702.5492784992784)	(28.0, 3159.368614718626)	(29.0, 3595.994703951971)	(30.0, 4012.65404040407)	(31.0, 4510.697133780176)	(32.0, 5156.689404412633)	(33.0, 5626.963002904019)	(34.0, 5984.341633543323)	(35.0, 7230.298922936404)	(36.0, 10186.262422073914)	(37.0, 14299.609331007152)	(38.0, 18363.293624788646)	(39.0, 26315.92831027627)	(40.0, 37133.812144561074)	(41.0, 54338.24056502634)	(42.0, 62129.19200563488)	(43.0, 81566.24815260753)	(44.0, 97318.32307799396)	(45.0, 154893.91496556712)	(46.0, 150128.2577050011)	(47.0, 127859.89771190999)	(48.0, 126396.15069932723)	(49.0, 142450.93551386354)	(50.0, 167332.5882780882)	(51.0, 171475.97324969954)	(52.0, 135834.41741294911)	(53.0, 125672.70394137537)	(54.0, 152786.04293736155)	(55.0, 145951.35914138617)	(56.0, 129333.06822202032)	(57.0, 146493.8645054283)	(58.0, 130915.28185504512)	(59.0, 80122.55506196032)	(60.0, 64958.665286200194)	(61.0, 70116.12904260476)	(62.0, 61764.07401466883)	(63.0, 34573.77776901365)	(64.0, 25099.305495097746)	(65.0, 13015.102745198566)	(66.0, 7364.575357258699)	(67.0, 6645.201752549315)	(68.0, 6250.003837919408)	(69.0, 2054.9435786435843)	(70.0, 1131.5933621933677)	(71.0, 814.7277056277104)	(72.0, 579.3364357864341)	(73.0, 412.29065656565496)	(74.0, 284.7635281385281)	(75.0, 227.67619047619078)	(76.0, 188.34523809523824)	(77.0, 146.89999999999995)	(78.0, 109.64999999999993)	(79.0, 73.25)	(80.0, 46.66666666666667)	(81.0, 32.33333333333333)	(82.0, 23.0)	(83.0, 14.0)	(84.0, 11.0)	(85.0, 8.5)	(86.0, 3.5)	(87.0, 2.0)	(88.0, 2.0)	(89.0, 1.0)	(90.0, 0.5)	(91.0, 0.5)	(92.0, 0.0)	(93.0, 0.0)	(94.0, 0.0)	(95.0, 0.0)	(96.0, 0.0)	(97.0, 0.0)	(98.0, 0.0)	(99.0, 0.0)	(100.0, 0.0)
dorado_trimmed_FAZ80247_pass_03069096_5394ef1c_concatenated	(0.0, 1108.5026954177897)	(1.0, 1099.7648118520488)	(2.0, 1062.1399034566307)	(3.0, 1012.8504669684063)	(4.0, 996.6)	(5.0, 993.338199911616)	(6.0, 975.1693620844565)	(7.0, 951.4007561249917)	(8.0, 941.4870733208248)	(9.0, 980.0869796161891)	(10.0, 1022.3885281385283)	(11.0, 1065.3333333333335)	(12.0, 1156.036274509804)	(13.0, 1225.5166666666667)	(14.0, 1312.1765676567654)	(15.0, 1495.379012345679)	(16.0, 1794.035550628233)	(17.0, 2068.916666666665)	(18.0, 2358.1309523809523)	(19.0, 2850.5885281385304)	(20.0, 3509.233333333341)	(21.0, 4378.514285714294)	(22.0, 5502.5064935064765)	(23.0, 6976.257142857065)	(24.0, 8764.094769119685)	(25.0, 10733.562744281233)	(26.0, 12847.246681096976)	(27.0, 15147.88571428658)	(28.0, 17679.347943724333)	(29.0, 19924.436009869267)	(30.0, 21786.76122634717)	(31.0, 23500.45556963259)	(32.0, 25417.926306273628)	(33.0, 27176.765072059363)	(34.0, 29615.24143760694)	(35.0, 33374.4180767117)	(36.0, 36440.677745091714)	(37.0, 42453.72875379261)	(38.0, 51626.91608918108)	(39.0, 61828.53845760644)	(40.0, 75735.57518334939)	(41.0, 103123.04420137347)	(42.0, 124075.78205824795)	(43.0, 136479.95258748115)	(44.0, 149058.14544764766)	(45.0, 158420.010739516)	(46.0, 164421.34736201126)	(47.0, 173169.0338484599)	(48.0, 161698.22306742874)	(49.0, 150619.03193435387)	(50.0, 151387.3541991196)	(51.0, 161297.95812219568)	(52.0, 167831.9569043774)	(53.0, 145500.87938372928)	(54.0, 136676.2515708741)	(55.0, 124997.20641074672)	(56.0, 126249.59196594528)	(57.0, 88640.1208582147)	(58.0, 79619.01780986665)	(59.0, 67944.1584161063)	(60.0, 49849.870226445186)	(61.0, 46493.18048682573)	(62.0, 29007.260356356317)	(63.0, 19937.17501553121)	(64.0, 11447.183919235536)	(65.0, 7024.205054475006)	(66.0, 5273.512918861482)	(67.0, 3702.981110645436)	(68.0, 2295.124112088578)	(69.0, 1675.0445526695325)	(70.0, 1274.639610389611)	(71.0, 907.8316378066472)	(72.0, 675.1467893217906)	(73.0, 547.0642496392483)	(74.0, 480.85155122654965)	(75.0, 371.69422799422733)	(76.0, 277.90775613275605)	(77.0, 236.65667388167398)	(78.0, 216.78156565656576)	(79.0, 201.9660894660895)	(80.0, 179.65043290043292)	(81.0, 160.55952380952382)	(82.0, 145.57738095238093)	(83.0, 152.21785714285713)	(84.0, 159.0)	(85.0, 158.4857142857143)	(86.0, 158.14285714285714)	(87.0, 157.75)	(88.0, 158.0)	(89.0, 158.27439024390245)	(90.0, 157.83333333333331)	(91.0, 157.0)	(92.0, 156.0)	(93.0, 154.5)	(94.0, 153.5)	(95.0, 153.0)	(96.0, 153.0)	(97.0, 153.5)	(98.0, 154.0)	(99.0, 154.0)	(100.0, 154.33333333333334)
dorado_trimmed_FAZ83542_pass_1344a466_45031b9d_concatenated	(0.0, 1925.5408946284858)	(1.0, 1904.7686278737006)	(2.0, 1832.0105574103536)	(3.0, 1749.5022868977408)	(4.0, 1712.4068330665941)	(5.0, 1693.2347487805769)	(6.0, 1651.1701030927834)	(7.0, 1602.2358302592831)	(8.0, 1560.2943620844565)	(9.0, 1573.6909669211193)	(10.0, 1580.6166666666668)	(11.0, 1613.8428884012092)	(12.0, 1724.5833333333333)	(13.0, 1812.394046203499)	(14.0, 1941.123167155425)	(15.0, 2175.833333333333)	(16.0, 2530.6029411764703)	(17.0, 2880.4362745098047)	(18.0, 3339.0833333333353)	(19.0, 4136.298542678701)	(20.0, 5126.801190476187)	(21.0, 6438.019119769091)	(22.0, 8383.42956455304)	(23.0, 10861.300360750385)	(24.0, 13787.912846232613)	(25.0, 17462.76399711435)	(26.0, 21494.593221412943)	(27.0, 25723.35119399537)	(28.0, 30313.80491318588)	(29.0, 34402.186945490415)	(30.0, 37967.84836050157)	(31.0, 41420.796401436026)	(32.0, 44561.045416616405)	(33.0, 46861.50632502418)	(34.0, 49262.99085239159)	(35.0, 53123.751625032004)	(36.0, 55765.14079600649)	(37.0, 60866.02728566432)	(38.0, 69304.18100465364)	(39.0, 78245.43308990663)	(40.0, 89881.82587834916)	(41.0, 114048.37906499355)	(42.0, 132032.77060647067)	(43.0, 143562.93993209364)	(44.0, 156591.66092911942)	(45.0, 165304.3341992916)	(46.0, 168984.5630986298)	(47.0, 177255.68943178302)	(48.0, 166032.97262498311)	(49.0, 154434.68327580756)	(50.0, 154561.65942645023)	(51.0, 164102.1954961024)	(52.0, 172862.15753926695)	(53.0, 152811.98963873181)	(54.0, 145038.16541124426)	(55.0, 137569.172746723)	(56.0, 137083.17037679706)	(57.0, 95055.2558938995)	(58.0, 86188.108287275)	(59.0, 72915.87526591233)	(60.0, 53852.89965121193)	(61.0, 49668.457553242806)	(62.0, 32161.861553534003)	(63.0, 23347.540657401863)	(64.0, 14523.935421652075)	(65.0, 9472.842818589548)	(66.0, 7114.624902127517)	(67.0, 5206.1309768188885)	(68.0, 3446.008293501114)	(69.0, 2506.693661295386)	(70.0, 1814.054978354947)	(71.0, 1368.6256493506457)	(72.0, 1101.946825396833)	(73.0, 887.8803030303126)	(74.0, 837.397590011627)	(75.0, 609.6697691197705)	(76.0, 422.79888167388015)	(77.0, 360.4334415584407)	(78.0, 312.35620490620494)	(79.0, 277.2318542568543)	(80.0, 236.199963924964)	(81.0, 213.87486268212078)	(82.0, 205.29310966810974)	(83.0, 206.6835137085137)	(84.0, 209.66753246753248)	(85.0, 207.03300865800867)	(86.0, 202.62499999999997)	(87.0, 202.33333333333334)	(88.0, 199.83333333333331)	(89.0, 198.0)	(90.0, 196.5)	(91.0, 195.0)	(92.0, 194.0)	(93.0, 193.0)	(94.0, 194.0)	(95.0, 194.75)	(96.0, 194.0)	(97.0, 194.33333333333334)	(98.0, 194.3388581952118)	(99.0, 194.0)	(100.0, 194.0)
dorado_trimmed_FBA43334_fail_6846ed3b_6b29293f_concatenated	(0.0, 1265393.2833333327)	(1.0, 1265310.4523087996)	(2.0, 1265191.2805709296)	(3.0, 1265090.440476189)	(4.0, 1265046.9730880214)	(5.0, 1265006.8716127432)	(6.0, 1264917.7334613502)	(7.0, 1264819.5617817766)	(8.0, 1264724.1048237872)	(9.0, 1264665.9116082867)	(10.0, 1264615.2301885304)	(11.0, 1264575.1714839616)	(12.0, 1264571.8568796145)	(13.0, 1264530.7775649512)	(14.0, 1264487.5474518347)	(15.0, 1264484.0378841977)	(16.0, 1264500.7778593805)	(17.0, 1264507.871322506)	(18.0, 1264523.8094197665)	(19.0, 1264557.7857524643)	(20.0, 1264598.22209822)	(21.0, 1264678.4165427084)	(22.0, 1264760.6274432016)	(23.0, 1264850.479053145)	(24.0, 1264967.4860184807)	(25.0, 1265048.3213529747)	(26.0, 1265147.5537890554)	(27.0, 1265278.1206103545)	(28.0, 1265377.6069495666)	(29.0, 1265482.4400743998)	(30.0, 1265606.4842736076)	(31.0, 1265726.485166764)	(32.0, 1265829.4896833112)	(33.0, 1265906.6954940574)	(34.0, 1265997.7853066698)	(35.0, 1266108.257028497)	(36.0, 1266179.9233045299)	(37.0, 1266284.7560554876)	(38.0, 1266371.4171882963)	(39.0, 1266429.5564786561)	(40.0, 1266543.2137262735)	(41.0, 1266609.8322820743)	(42.0, 1266587.664327222)	(43.0, 1266667.781900251)	(44.0, 1266741.930168197)	(45.0, 1266810.9592699904)	(46.0, 1266859.2348870132)	(47.0, 1266940.9418697865)	(48.0, 1267011.5486446482)	(49.0, 1267126.4899417295)	(50.0, 635383.2881015709)	(51.0, 3407.4295222105516)	(52.0, 3346.074381024815)	(53.0, 3418.6290653497576)	(54.0, 3582.2926070783365)	(55.0, 3715.133490776324)	(56.0, 3614.7284598453007)	(57.0, 3298.842172216434)	(58.0, 2899.1276816088043)	(59.0, 2620.1083041805796)	(60.0, 2515.628976871333)	(61.0, 2442.636630874742)	(62.0, 2422.2355308484584)	(63.0, 2340.8077593016683)	(64.0, 2246.1243027037813)	(65.0, 2108.546796550947)	(66.0, 2069.465375436128)	(67.0, 2031.4493930808674)	(68.0, 2175.1971105598773)	(69.0, 2143.6059184925402)	(70.0, 1955.1520270496258)	(71.0, 1873.7201524167997)	(72.0, 1620.6678975380746)	(73.0, 1232.903113721328)	(74.0, 1091.5347562161148)	(75.0, 1054.9170824762468)	(76.0, 1091.9484888802024)	(77.0, 906.3631389887092)	(78.0, 726.8672746336455)	(79.0, 667.0126955423676)	(80.0, 638.0900518696656)	(81.0, 608.637739508335)	(82.0, 584.2460132458905)	(83.0, 563.6170496422654)	(84.0, 551.0775419225015)	(85.0, 548.9425033747615)	(86.0, 543.7872369272459)	(87.0, 536.0314276934096)	(88.0, 526.5330931717049)	(89.0, 520.9797253110958)	(90.0, 515.0221582563709)	(91.0, 508.8443743943551)	(92.0, 498.8911290606412)	(93.0, 480.3766233766234)	(94.0, 477.3508297258297)	(95.0, 468.7135154288179)	(96.0, 461.5833333333333)	(97.0, 461.4818181818182)	(98.0, 456.0833333333333)	(99.0, 458.16666666666663)	(100.0, 461.0)
dorado_trimmed_FBA43334_pass_6846ed3b_6b29293f_concatenated	(0.0, 3476.0)	(1.0, 3281.083333333333)	(2.0, 3028.283333333333)	(3.0, 3000.304761904762)	(4.0, 3043.143037518034)	(5.0, 3022.2792603737657)	(6.0, 2961.240515785026)	(7.0, 2890.8604978354992)	(8.0, 2851.6114718614717)	(9.0, 2860.1218614718596)	(10.0, 2873.011796536795)	(11.0, 2910.8327561327555)	(12.0, 3023.054725829728)	(13.0, 3175.262878787881)	(14.0, 3344.7040404040463)	(15.0, 3559.5015151515286)	(16.0, 3845.792647674925)	(17.0, 4186.609199134221)	(18.0, 4507.385300483842)	(19.0, 4897.341673648918)	(20.0, 5362.199891774822)	(21.0, 5818.13339864729)	(22.0, 6345.734077885658)	(23.0, 7140.156038771058)	(24.0, 7636.177947983082)	(25.0, 8019.558676684203)	(26.0, 8495.571281851551)	(27.0, 8953.403431581171)	(28.0, 9502.324680041675)	(29.0, 9941.527457332033)	(30.0, 10509.998510640304)	(31.0, 11042.692805668466)	(32.0, 11304.883485018274)	(33.0, 11465.890041059942)	(34.0, 11599.467962031773)	(35.0, 11734.743889056515)	(36.0, 12128.369784582843)	(37.0, 12703.977392064702)	(38.0, 13396.959923911681)	(39.0, 14502.221691806637)	(40.0, 15665.528497820083)	(41.0, 15313.621234444685)	(42.0, 15052.98393095973)	(43.0, 14532.54753059531)	(44.0, 14719.329212565453)	(45.0, 15252.119441592062)	(46.0, 13998.033821389328)	(47.0, 13364.025459532379)	(48.0, 12485.903553676046)	(49.0, 11712.414538373638)	(50.0, 10991.51295314142)	(51.0, 9759.961758710011)	(52.0, 9790.965232730685)	(53.0, 11758.526444114494)	(54.0, 25794.774326738836)	(55.0, 36353.455490480635)	(56.0, 36156.581511201126)	(57.0, 24417.635041769936)	(58.0, 18283.131156651838)	(59.0, 13073.62314587082)	(60.0, 16867.660286866638)	(61.0, 26070.452353739747)	(62.0, 21711.373953452574)	(63.0, 20055.771521548635)	(64.0, 22330.27348239186)	(65.0, 16321.370720974257)	(66.0, 20452.554301637803)	(67.0, 14158.202002983231)	(68.0, 23976.127264241448)	(69.0, 39557.59987205471)	(70.0, 17362.448551909456)	(71.0, 31342.86982269847)	(72.0, 17562.146444803417)	(73.0, 4391.1355011229625)	(74.0, 8754.084599618554)	(75.0, 8996.479474712569)	(76.0, 16455.314742962542)	(77.0, 9995.460508341866)	(78.0, 1446.7819353875468)	(79.0, 1468.8500790809137)	(80.0, 711.8223166533649)	(81.0, 433.89877728075305)	(82.0, 314.7823173799052)	(83.0, 268.7832971857621)	(84.0, 246.28510502562503)	(85.0, 234.73008688485734)	(86.0, 237.49302238979692)	(87.0, 275.6499226343925)	(88.0, 280.1567274407561)	(89.0, 174.84720011171632)	(90.0, 116.38019480519478)	(91.0, 96.89253246753248)	(92.0, 60.235714285714295)	(93.0, 28.742929292929293)	(94.0, 11.30952380952381)	(95.0, 4.5)	(96.0, 2.333333333333333)	(97.0, 1.3333333333333333)	(98.0, 1.198149109150666)	(99.0, 1.6666666666666667)	(100.0, 3.0)
dorado_trimmed_FBA62655_pass_9d20541a_79aab80e_concatenated	(0.0, 968.6976190476191)	(1.0, 884.0106851929432)	(2.0, 829.9002342012104)	(3.0, 841.0608436765973)	(4.0, 898.5370280236174)	(5.0, 935.8861210666191)	(6.0, 962.7671100404975)	(7.0, 1033.9198347573392)	(8.0, 1101.3867632844956)	(9.0, 1142.0099397334695)	(10.0, 1227.5537235986105)	(11.0, 1376.96897898849)	(12.0, 1495.8525099624421)	(13.0, 1621.6958874458844)	(14.0, 1775.992230017441)	(15.0, 1901.696103896094)	(16.0, 2124.1131769036847)	(17.0, 2375.8255050505036)	(18.0, 2591.8718060394926)	(19.0, 2852.7731601731803)	(20.0, 3104.7089152558156)	(21.0, 3359.120825797669)	(22.0, 3636.9739738632798)	(23.0, 4071.449678844306)	(24.0, 4359.4956501636525)	(25.0, 4609.630262006971)	(26.0, 4963.346361755096)	(27.0, 5166.156589346319)	(28.0, 5432.661383374368)	(29.0, 5731.799986897041)	(30.0, 6104.575941482421)	(31.0, 6342.95598094068)	(32.0, 6393.199482889822)	(33.0, 6502.318511312094)	(34.0, 6542.2521392069175)	(35.0, 6796.817305095815)	(36.0, 7148.614065238947)	(37.0, 7885.676587271593)	(38.0, 9013.155354342538)	(39.0, 10887.885610035059)	(40.0, 11945.65715059464)	(41.0, 11034.987017908094)	(42.0, 10756.757715557118)	(43.0, 10099.363533373087)	(44.0, 10270.08507863947)	(45.0, 10801.804985626059)	(46.0, 10058.854264397856)	(47.0, 9171.197638352713)	(48.0, 8613.297309165717)	(49.0, 8516.922041878355)	(50.0, 8502.038273283126)	(51.0, 8552.846283375507)	(52.0, 8503.83054544805)	(53.0, 8900.75874323768)	(54.0, 14033.853892154551)	(55.0, 19030.078140130576)	(56.0, 21664.179411046018)	(57.0, 18839.456873056144)	(58.0, 16332.63463962887)	(59.0, 12211.884870130214)	(60.0, 13965.839798162138)	(61.0, 18962.73663311456)	(62.0, 15553.571666190559)	(63.0, 11166.31275344105)	(64.0, 12019.561435325037)	(65.0, 13298.66551877972)	(66.0, 16237.220078068774)	(67.0, 12170.830129748936)	(68.0, 10263.586046568418)	(69.0, 9155.988444726949)	(70.0, 8668.192571220774)	(71.0, 6290.610573568396)	(72.0, 3508.2561478935804)	(73.0, 1872.7782653095796)	(74.0, 2086.1069900676266)	(75.0, 1915.7650879073349)	(76.0, 2044.5820142171806)	(77.0, 1404.2224631884744)	(78.0, 796.3797359939551)	(79.0, 967.5140445277846)	(80.0, 565.4132350012844)	(81.0, 375.98094312256916)	(82.0, 281.5245641443754)	(83.0, 238.60452841985355)	(84.0, 176.42956083079002)	(85.0, 151.9381673881673)	(86.0, 183.77608225108239)	(87.0, 284.98685869264654)	(88.0, 413.27994227993753)	(89.0, 250.88551959067442)	(90.0, 73.80483405483409)	(91.0, 45.60202020202019)	(92.0, 33.833333333333336)	(93.0, 24.430453604366647)	(94.0, 22.2)	(95.0, 20.0)	(96.0, 17.0)	(97.0, 17.0)	(98.0, 18.339544513457557)	(99.0, 19.833333333333336)	(100.0, 22.0)
dorado_trimmed_FBA62655_pass_9d20541a_79aab80e_concatenatedTrimLT-U0-D20W100L100R0	(0.0, 189.2317799094261)	(1.0, 108.88305829740418)	(2.0, 37.991969510834295)	(3.0, 53.01923497649307)	(4.0, 87.4704060953472)	(5.0, 121.79095563934284)	(6.0, 150.04646643246582)	(7.0, 194.31473018508052)	(8.0, 242.04789325169116)	(9.0, 321.806883877572)	(10.0, 419.5823092251165)	(11.0, 533.7528385512728)	(12.0, 645.0098747371609)	(13.0, 797.0739038485607)	(14.0, 1008.7256960989698)	(15.0, 1215.0855065312269)	(16.0, 1454.6181138099066)	(17.0, 1724.2966079918183)	(18.0, 1990.8568429528718)	(19.0, 2282.1190649271675)	(20.0, 2576.8841027653493)	(21.0, 2860.356551895914)	(22.0, 3183.087419404068)	(23.0, 3656.3580377474755)	(24.0, 3942.8641226546015)	(25.0, 4232.1118649443)	(26.0, 4682.008116765581)	(27.0, 4935.256136698261)	(28.0, 5226.024826594803)	(29.0, 5542.066573617184)	(30.0, 5939.248657291449)	(31.0, 6228.379357571655)	(32.0, 6328.321833516902)	(33.0, 6476.057098878014)	(34.0, 6574.969965520767)	(35.0, 6859.477332526554)	(36.0, 7238.48261696632)	(37.0, 7956.302436301746)	(38.0, 9096.578914962249)	(39.0, 10918.033658006154)	(40.0, 11938.754325610156)	(41.0, 11077.686008315117)	(42.0, 10785.714237909242)	(43.0, 10149.659803251465)	(44.0, 10347.812842298144)	(45.0, 10858.678259093364)	(46.0, 10070.46749219593)	(47.0, 9268.111845739484)	(48.0, 8801.708571489446)	(49.0, 8844.361652719219)	(50.0, 8976.600868903082)	(51.0, 9096.749776225004)	(52.0, 8866.29175436001)	(53.0, 9163.632600145798)	(54.0, 14057.954618766162)	(55.0, 18702.7023825501)	(56.0, 21065.574530595484)	(57.0, 18162.69992922767)	(58.0, 15878.694717612467)	(59.0, 11988.037051091049)	(60.0, 13788.36622381814)	(61.0, 18795.250809193665)	(62.0, 15338.048209408176)	(63.0, 10924.061233001254)	(64.0, 11938.804590226444)	(65.0, 13312.615203374113)	(66.0, 16214.482134114292)	(67.0, 12038.771745948536)	(68.0, 9914.82004841104)	(69.0, 8723.01277811164)	(70.0, 8257.359680997513)	(71.0, 5889.349560053886)	(72.0, 3331.64792314553)	(73.0, 1848.3555560987177)	(74.0, 2113.8338609554175)	(75.0, 1968.8739755237089)	(76.0, 2079.4751580021025)	(77.0, 1428.3592719901555)	(78.0, 814.3419387553477)	(79.0, 975.6972986719983)	(80.0, 577.607022667967)	(81.0, 383.77731386378787)	(82.0, 262.7484249861942)	(83.0, 225.01641414141346)	(84.0, 172.07956083079034)	(85.0, 134.81619769119766)	(86.0, 160.50974025974048)	(87.0, 263.8320967878855)	(88.0, 404.2640331890291)	(89.0, 263.6850288600307)	(90.0, 87.30483405483406)	(91.0, 46.43535353535355)	(92.0, 25.7)	(93.0, 10.924242424242424)	(94.0, 4.2)	(95.0, 1.0)	(96.0, 0.0)	(97.0, 0.006211180124223602)	(98.0, 0.5)	(99.0, 0.8333333333333333)	(100.0, 2.0)
restranded_dorado_trimmed_FBA43334_fail_6846ed3b_6b29293f_concatenated	(0.0, 779.9833333333333)	(1.0, 685.8758658008659)	(2.0, 551.8834208596505)	(3.0, 429.761111111111)	(4.0, 336.71803751803753)	(5.0, 282.50656945393786)	(6.0, 259.178836765519)	(7.0, 245.39720245694542)	(8.0, 224.34704148922464)	(9.0, 193.83686868686877)	(10.0, 180.568382583996)	(11.0, 186.67056708279827)	(12.0, 188.72562992447112)	(13.0, 187.4577132542423)	(14.0, 192.06774631885844)	(15.0, 195.00064703379954)	(16.0, 211.25829934036673)	(17.0, 233.29616794954006)	(18.0, 247.26216775336883)	(19.0, 258.39740441254986)	(20.0, 270.072923186081)	(21.0, 279.57947759844654)	(22.0, 287.6437404976664)	(23.0, 319.29161220977437)	(24.0, 355.7609271999756)	(25.0, 385.992224769453)	(26.0, 399.60388305281396)	(27.0, 418.474135005494)	(28.0, 423.77488950413823)	(29.0, 431.021526977217)	(30.0, 459.60565622900606)	(31.0, 488.33908162500916)	(32.0, 509.448182157524)	(33.0, 507.16603319230444)	(34.0, 505.00177542460887)	(35.0, 496.7561905191927)	(36.0, 506.42149407077)	(37.0, 494.2274800669115)	(38.0, 482.5715845139144)	(39.0, 490.46629799760495)	(40.0, 501.99234808474165)	(41.0, 514.1476978010849)	(42.0, 484.842861759245)	(43.0, 486.76691080374354)	(44.0, 455.1579262108198)	(45.0, 452.3998640863988)	(46.0, 450.5673169815835)	(47.0, 424.3397450419578)	(48.0, 405.8540496062406)	(49.0, 381.9457701781001)	(50.0, 351.1820109127534)	(51.0, 331.01941915634404)	(52.0, 338.6867448787951)	(53.0, 324.3383285814376)	(54.0, 326.73414255941316)	(55.0, 333.25703335432655)	(56.0, 318.57497311696466)	(57.0, 294.55118134628134)	(58.0, 236.69481222792422)	(59.0, 197.19454166808077)	(60.0, 177.02286714931913)	(61.0, 184.7387378302348)	(62.0, 172.03528910417492)	(63.0, 159.25612885952341)	(64.0, 147.34690755550128)	(65.0, 112.137448621674)	(66.0, 108.89059371111067)	(67.0, 104.1205537757216)	(68.0, 118.88368176843686)	(69.0, 113.89825903994729)	(70.0, 83.26063963472572)	(71.0, 90.58246972731294)	(72.0, 62.344989135675846)	(73.0, 38.68006007645644)	(74.0, 29.517420341335104)	(75.0, 26.905788911004034)	(76.0, 56.491003948768856)	(77.0, 32.386359945494064)	(78.0, 12.64142951765904)	(79.0, 7.972257562826245)	(80.0, 3.7317378857701424)	(81.0, 2.7487373737373733)	(82.0, 3.0135544635544633)	(83.0, 0.7727272727272728)	(84.0, 0.10533377200043867)	(85.0, 0.4318181818181819)	(86.0, 0.7575757575757576)	(87.0, 0.990909090909091)	(88.0, 0.7575757575757576)	(89.0, 0.6231671554252199)	(90.0, 0.9318181818181819)	(91.0, 0.00045641259698767686)	(92.0, 0.0)	(93.0, 0.09090909090909091)	(94.0, 1.0)	(95.0, 1.5)	(96.0, 0.5)	(97.0, 0.0)	(98.0, 0.0)	(99.0, 0.0)	(100.0, 0.0)
