Sample	0	1	2	3	4	5	6	7	8	9	10	11	12	13	14	15	16	17	18	19	20	21	22	23	24	25	26	27	28	29	30	31	32	33	34	35	36	37	38	39	40	41	42	43	44	45	46	47	48	49	50	51	52	53	54	55	56	57	58	59	60	61	62	63	64	65	66	67	68	69	70	71	72	73
FAZ80247_pass_03069096_5394ef1c_concatenated	(1, 0.0)	(2, 0.0)	(3, 0.0)	(4, 0.0)	(5, 0.0)	(6, 0.0)	(7, 0.0)	(8, 0.0)	(9, 0.0)	(10, 0.0)	(10000, 0.0)	(20000, 0.0)	(30000, 0.0)	(40000, 0.0)	(50000, 0.0)	(60000, 0.0)	(70000, 0.0)	(80000, 0.0)	(90000, 0.0)	(100000, 0.0)	(110000, 0.0)	(120000, 0.0)	(130000, 0.0)	(140000, 0.0)	(150000, 0.0)	(160000, 0.0)	(170000, 0.0)	(180000, 0.0)	(190000, 0.0)	(200000, 0.0)	(210000, 0.0)	(220000, 0.0)	(230000, 0.0)	(240000, 0.0)	(250000, 0.0)	(260000, 0.0)	(270000, 0.0)	(280000, 0.0)	(290000, 0.0)	(300000, 0.0)	(310000, 0.0)	(320000, 0.0)	(330000, 0.0)	(340000, 0.0)	(350000, 0.0)	(360000, 0.0)	(370000, 0.0)	(380000, 0.0)	(390000, 0.0)	(400000, 0.0)	(410000, 0.0)	(420000, 0.0)	(430000, 0.0)	(440000, 0.0)	(450000, 0.0)	(460000, 0.0)	(470000, 0.0)																	
FAZ83542_pass_1344a466_45031b9d_concatenated	(1, 0.0)	(2, 0.0)	(3, 0.0)	(4, 0.0)	(5, 0.0)	(6, 0.0)	(7, 0.0)	(8, 0.0)	(9, 0.0)	(10, 0.0)	(5000, 0.0)	(10000, 0.0)	(15000, 0.0)	(20000, 0.0)	(25000, 0.0)	(30000, 0.0)	(35000, 0.0)	(40000, 0.0)	(45000, 0.0)	(50000, 0.0)	(55000, 0.0)	(60000, 0.0)	(65000, 0.0)	(70000, 0.0)	(75000, 0.0)	(80000, 0.0)	(85000, 0.0)	(90000, 0.0)	(95000, 0.0)	(100000, 0.0)	(105000, 0.0)	(110000, 0.0)	(115000, 0.0)	(120000, 0.0)	(125000, 0.0)	(130000, 0.0)	(135000, 0.0)	(140000, 0.0)	(145000, 0.0)	(150000, 0.0)	(155000, 0.0)	(160000, 0.0)	(165000, 0.0)	(170000, 0.0)	(175000, 0.0)	(180000, 0.0)	(185000, 0.0)	(190000, 0.0)	(195000, 0.0)	(200000, 0.0)	(205000, 0.0)	(210000, 0.0)	(215000, 0.0)	(220000, 0.0)	(225000, 0.0)	(230000, 0.0)	(235000, 0.0)	(240000, 0.0)	(245000, 0.0)	(250000, 0.0)	(255000, 0.0)	(260000, 0.0)	(265000, 0.0)	(270000, 0.0)	(275000, 0.0)	(280000, 0.0)	(285000, 0.0)	(290000, 0.0)	(295000, 0.0)	(300000, 0.0)	(305000, 0.0)	(310000, 0.0)	(315000, 0.0)	
FBA22517_pass_d17fa1e0_a6486b6e_concatenated	(1, 0.0)	(2, 0.0)	(3, 0.0)	(4, 0.0)	(5, 0.0)	(6, 0.0)	(7, 0.0)	(8, 0.0)	(9, 0.0)	(10, 0.0)	(5000, 0.0)	(10000, 0.0)	(15000, 0.0)	(20000, 0.0)	(25000, 0.0)	(30000, 0.0)	(35000, 0.0)	(40000, 0.0)	(45000, 0.0)	(50000, 0.0)	(55000, 0.0)	(60000, 0.0)	(65000, 0.0)	(70000, 0.0)	(75000, 0.0)	(80000, 0.0)	(85000, 0.0)	(90000, 0.0)	(95000, 0.0)	(100000, 0.0)	(105000, 0.0)	(110000, 0.0)	(115000, 0.0)	(120000, 0.0)	(125000, 0.0)	(130000, 0.0)																																						
FBA22660_pass_d1e1158a_77e47f3b_concatenated	(1, 0.0)	(2, 0.0)	(3, 0.0)	(4, 0.0)	(5, 0.0)	(6, 0.0)	(7, 0.0)	(8, 0.0)	(9, 0.0)	(10, 0.0)	(2000, 0.0)	(4000, 0.0)	(6000, 0.0)	(8000, 0.0)	(10000, 0.0)	(12000, 0.0)	(14000, 0.0)	(16000, 0.0)	(18000, 0.0)	(20000, 0.0)	(22000, 0.0)	(24000, 0.0)	(26000, 0.0)	(28000, 0.0)	(30000, 0.0)	(32000, 0.0)	(34000, 0.0)	(36000, 0.0)	(38000, 0.0)	(40000, 0.0)	(42000, 0.0)	(44000, 0.0)	(46000, 0.0)	(48000, 0.0)	(50000, 0.0)	(52000, 0.0)	(54000, 0.0)	(56000, 0.0)	(58000, 0.0)	(60000, 0.0)	(62000, 0.0)	(64000, 0.0)	(66000, 0.0)	(68000, 0.0)	(70000, 0.0)	(72000, 0.0)	(74000, 0.0)	(76000, 0.0)	(78000, 0.0)	(80000, 0.0)	(82000, 0.0)	(84000, 0.0)	(86000, 0.0)	(88000, 0.0)	(90000, 0.0)	(92000, 0.0)	(94000, 0.0)	(96000, 0.0)	(98000, 0.0)	(100000, 0.0)	(102000, 0.0)	(104000, 0.0)	(106000, 0.0)	(108000, 0.0)	(110000, 0.0)	(112000, 0.0)	(114000, 0.0)	(116000, 0.0)	(118000, 0.0)	(120000, 0.0)	(122000, 0.0)	(124000, 0.0)	(126000, 0.0)	
FBA43334_pass_6846ed3b_6b29293f_concatenated	(1, 0.0)	(2, 0.0)	(3, 0.0)	(4, 0.0)	(5, 0.0)	(6, 0.0)	(7, 0.0)	(8, 0.0)	(9, 0.0)	(10, 0.0)	(5000, 0.0)	(10000, 0.0)	(15000, 0.0)	(20000, 0.0)	(25000, 0.0)	(30000, 0.0)	(35000, 0.0)	(40000, 0.0)	(45000, 0.0)	(50000, 0.0)	(55000, 0.0)	(60000, 0.0)	(65000, 0.0)	(70000, 0.0)	(75000, 0.0)	(80000, 0.0)	(85000, 0.0)	(90000, 0.0)	(95000, 0.0)	(100000, 0.0)	(105000, 0.0)	(110000, 0.0)	(115000, 0.0)	(120000, 0.0)	(125000, 0.0)	(130000, 0.0)	(135000, 0.0)	(140000, 0.0)	(145000, 0.0)	(150000, 0.0)	(155000, 0.0)	(160000, 0.0)	(165000, 0.0)	(170000, 0.0)	(175000, 0.0)	(180000, 0.0)	(185000, 0.0)	(190000, 0.0)	(195000, 0.0)	(200000, 0.0)	(205000, 0.0)	(210000, 0.0)	(215000, 0.0)	(220000, 0.0)	(225000, 0.0)	(230000, 0.0)	(235000, 0.0)	(240000, 0.0)	(245000, 0.0)	(250000, 0.0)	(255000, 0.0)													
FBA62655_pass_9d20541a_79aab80e_concatenated	(1, 0.0)	(2, 0.0)	(3, 0.0)	(4, 0.0)	(5, 0.0)	(6, 0.0)	(7, 0.0)	(8, 0.0)	(9, 0.0)	(10, 0.0)	(10000, 0.0)	(20000, 0.0)	(30000, 0.0)	(40000, 0.0)	(50000, 0.0)	(60000, 0.0)	(70000, 0.0)	(80000, 0.0)	(90000, 0.0)	(100000, 0.0)	(110000, 0.0)	(120000, 0.0)	(130000, 0.0)	(140000, 0.0)	(150000, 0.0)	(160000, 0.0)	(170000, 0.0)	(180000, 0.0)	(190000, 0.0)	(200000, 0.0)	(210000, 0.0)	(220000, 0.0)	(230000, 0.0)	(240000, 0.0)	(250000, 0.0)	(260000, 0.0)	(270000, 0.0)	(280000, 0.0)	(290000, 0.0)	(300000, 0.0)	(310000, 0.0)	(320000, 0.0)	(330000, 0.0)	(340000, 0.0)	(350000, 0.0)	(360000, 0.0)	(370000, 0.0)	(380000, 0.0)	(390000, 0.0)	(400000, 0.0)	(410000, 0.0)	(420000, 0.0)	(430000, 0.0)	(440000, 0.0)	(450000, 0.0)	(460000, 0.0)	(470000, 0.0)	(480000, 0.0)	(490000, 0.0)	(500000, 0.0)	(510000, 0.0)	(520000, 0.0)	(530000, 0.0)	(540000, 0.0)	(550000, 0.0)	(560000, 0.0)	(570000, 0.0)	(580000, 0.0)	(590000, 0.0)	(600000, 0.0)				
FBA62655_pass_9d20541a_79aab80e_merged	(1, 0.0)	(2, 0.0)	(3, 0.0)	(4, 0.0)	(5, 0.0)	(6, 0.0)	(7, 0.0)	(8, 0.0)	(9, 0.0)	(10, 0.0)	(10000, 0.0)	(20000, 0.0)	(30000, 0.0)	(40000, 0.0)	(50000, 0.0)	(60000, 0.0)	(70000, 0.0)	(80000, 0.0)	(90000, 0.0)	(100000, 0.0)	(110000, 0.0)	(120000, 0.0)	(130000, 0.0)	(140000, 0.0)	(150000, 0.0)	(160000, 0.0)	(170000, 0.0)	(180000, 0.0)	(190000, 0.0)	(200000, 0.0)	(210000, 0.0)	(220000, 0.0)	(230000, 0.0)	(240000, 0.0)	(250000, 0.0)	(260000, 0.0)	(270000, 0.0)	(280000, 0.0)	(290000, 0.0)	(300000, 0.0)	(310000, 0.0)	(320000, 0.0)	(330000, 0.0)	(340000, 0.0)	(350000, 0.0)	(360000, 0.0)	(370000, 0.0)	(380000, 0.0)	(390000, 0.0)	(400000, 0.0)	(410000, 0.0)	(420000, 0.0)	(430000, 0.0)	(440000, 0.0)	(450000, 0.0)	(460000, 0.0)	(470000, 0.0)	(480000, 0.0)	(490000, 0.0)	(500000, 0.0)	(510000, 0.0)	(520000, 0.0)	(530000, 0.0)	(540000, 0.0)	(550000, 0.0)	(560000, 0.0)	(570000, 0.0)	(580000, 0.0)	(590000, 0.0)	(600000, 0.0)				
chopper_filtered_FBA22517_pass_d17fa1e0_a6486b6e_concatenated	(1, 0.0)	(2, 0.0)	(3, 0.0)	(4, 0.0)	(5, 0.0)	(6, 0.0)	(7, 0.0)	(8, 0.0)	(9, 0.0)	(10, 0.0)	(5000, 0.0)	(10000, 0.0)	(15000, 0.0)	(20000, 0.0)	(25000, 0.0)	(30000, 0.0)	(35000, 0.0)	(40000, 0.0)	(45000, 0.0)	(50000, 0.0)	(55000, 0.0)	(60000, 0.0)	(65000, 0.0)	(70000, 0.0)	(75000, 0.0)	(80000, 0.0)	(85000, 0.0)	(90000, 0.0)	(95000, 0.0)	(100000, 0.0)	(105000, 0.0)	(110000, 0.0)	(115000, 0.0)	(120000, 0.0)	(125000, 0.0)	(130000, 0.0)																																						
chopper_filtered_FBA22660_pass_d1e1158a_77e47f3b_concatenated	(1, 0.0)	(2, 0.0)	(3, 0.0)	(4, 0.0)	(5, 0.0)	(6, 0.0)	(7, 0.0)	(8, 0.0)	(9, 0.0)	(10, 0.0)	(2000, 0.0)	(4000, 0.0)	(6000, 0.0)	(8000, 0.0)	(10000, 0.0)	(12000, 0.0)	(14000, 0.0)	(16000, 0.0)	(18000, 0.0)	(20000, 0.0)	(22000, 0.0)	(24000, 0.0)	(26000, 0.0)	(28000, 0.0)	(30000, 0.0)	(32000, 0.0)	(34000, 0.0)	(36000, 0.0)	(38000, 0.0)	(40000, 0.0)	(42000, 0.0)	(44000, 0.0)	(46000, 0.0)	(48000, 0.0)	(50000, 0.0)	(52000, 0.0)	(54000, 0.0)	(56000, 0.0)	(58000, 0.0)	(60000, 0.0)	(62000, 0.0)	(64000, 0.0)	(66000, 0.0)	(68000, 0.0)	(70000, 0.0)	(72000, 0.0)	(74000, 0.0)	(76000, 0.0)	(78000, 0.0)	(80000, 0.0)	(82000, 0.0)	(84000, 0.0)	(86000, 0.0)	(88000, 0.0)	(90000, 0.0)	(92000, 0.0)	(94000, 0.0)	(96000, 0.0)	(98000, 0.0)	(100000, 0.0)	(102000, 0.0)	(104000, 0.0)	(106000, 0.0)	(108000, 0.0)	(110000, 0.0)	(112000, 0.0)	(114000, 0.0)	(116000, 0.0)	(118000, 0.0)	(120000, 0.0)	(122000, 0.0)	(124000, 0.0)	(126000, 0.0)	
chopper_filtered_dorado_trimmed_FAZ80247_pass_03069096_5394ef1c_concatenated	(1, 0.0)	(2, 0.0)	(3, 0.0)	(4, 0.0)	(5, 0.0)	(6, 0.0)	(7, 0.0)	(8, 0.0)	(9, 0.0)	(10, 0.0)	(10000, 0.0)	(20000, 0.0)	(30000, 0.0)	(40000, 0.0)	(50000, 0.0)	(60000, 0.0)	(70000, 0.0)	(80000, 0.0)	(90000, 0.0)	(100000, 0.0)	(110000, 0.0)	(120000, 0.0)	(130000, 0.0)	(140000, 0.0)	(150000, 0.0)	(160000, 0.0)	(170000, 0.0)	(180000, 0.0)	(190000, 0.0)	(200000, 0.0)	(210000, 0.0)	(220000, 0.0)	(230000, 0.0)	(240000, 0.0)	(250000, 0.0)	(260000, 0.0)	(270000, 0.0)	(280000, 0.0)	(290000, 0.0)	(300000, 0.0)	(310000, 0.0)	(320000, 0.0)	(330000, 0.0)	(340000, 0.0)	(350000, 0.0)	(360000, 0.0)	(370000, 0.0)	(380000, 0.0)	(390000, 0.0)	(400000, 0.0)	(410000, 0.0)	(420000, 0.0)	(430000, 0.0)	(440000, 0.0)	(450000, 0.0)	(460000, 0.0)	(470000, 0.0)																	
chopper_filtered_dorado_trimmed_FAZ83542_pass_1344a466_45031b9d_concatenated	(1, 0.0)	(2, 0.0)	(3, 0.0)	(4, 0.0)	(5, 0.0)	(6, 0.0)	(7, 0.0)	(8, 0.0)	(9, 0.0)	(10, 0.0)	(5000, 0.0)	(10000, 0.0)	(15000, 0.0)	(20000, 0.0)	(25000, 0.0)	(30000, 0.0)	(35000, 0.0)	(40000, 0.0)	(45000, 0.0)	(50000, 0.0)	(55000, 0.0)	(60000, 0.0)	(65000, 0.0)	(70000, 0.0)	(75000, 0.0)	(80000, 0.0)	(85000, 0.0)	(90000, 0.0)	(95000, 0.0)	(100000, 0.0)	(105000, 0.0)	(110000, 0.0)	(115000, 0.0)	(120000, 0.0)	(125000, 0.0)	(130000, 0.0)	(135000, 0.0)	(140000, 0.0)	(145000, 0.0)	(150000, 0.0)	(155000, 0.0)	(160000, 0.0)	(165000, 0.0)	(170000, 0.0)	(175000, 0.0)	(180000, 0.0)	(185000, 0.0)	(190000, 0.0)	(195000, 0.0)	(200000, 0.0)	(205000, 0.0)	(210000, 0.0)	(215000, 0.0)	(220000, 0.0)	(225000, 0.0)	(230000, 0.0)	(235000, 0.0)	(240000, 0.0)	(245000, 0.0)	(250000, 0.0)	(255000, 0.0)	(260000, 0.0)	(265000, 0.0)	(270000, 0.0)	(275000, 0.0)	(280000, 0.0)	(285000, 0.0)	(290000, 0.0)	(295000, 0.0)	(300000, 0.0)	(305000, 0.0)	(310000, 0.0)	(315000, 0.0)	
chopper_filtered_dorado_trimmed_FBA43334_pass_6846ed3b_6b29293f_concatenated	(1, 0.0)	(2, 0.0)	(3, 0.0)	(4, 0.0)	(5, 0.0)	(6, 0.0)	(7, 0.0)	(8, 0.0)	(9, 0.0)	(10, 0.0)	(5000, 0.0)	(10000, 0.0)	(15000, 0.0)	(20000, 0.0)	(25000, 0.0)	(30000, 0.0)	(35000, 0.0)	(40000, 0.0)	(45000, 0.0)	(50000, 0.0)	(55000, 0.0)	(60000, 0.0)	(65000, 0.0)	(70000, 0.0)	(75000, 0.0)	(80000, 0.0)	(85000, 0.0)	(90000, 0.0)	(95000, 0.0)	(100000, 0.0)	(105000, 0.0)	(110000, 0.0)	(115000, 0.0)	(120000, 0.0)	(125000, 0.0)	(130000, 0.0)	(135000, 0.0)	(140000, 0.0)	(145000, 0.0)	(150000, 0.0)	(155000, 0.0)	(160000, 0.0)	(165000, 0.0)	(170000, 0.0)	(175000, 0.0)	(180000, 0.0)	(185000, 0.0)	(190000, 0.0)	(195000, 0.0)	(200000, 0.0)	(205000, 0.0)	(210000, 0.0)	(215000, 0.0)	(220000, 0.0)	(225000, 0.0)	(230000, 0.0)	(235000, 0.0)	(240000, 0.0)	(245000, 0.0)	(250000, 0.0)	(255000, 0.0)													
chopper_filtered_dorado_trimmed_FBA62655_pass_9d20541a_79aab80e_concatenated	(1, 0.0)	(2, 0.0)	(3, 0.0)	(4, 0.0)	(5, 0.0)	(6, 0.0)	(7, 0.0)	(8, 0.0)	(9, 0.0)	(10, 0.0)	(10000, 0.0)	(20000, 0.0)	(30000, 0.0)	(40000, 0.0)	(50000, 0.0)	(60000, 0.0)	(70000, 0.0)	(80000, 0.0)	(90000, 0.0)	(100000, 0.0)	(110000, 0.0)	(120000, 0.0)	(130000, 0.0)	(140000, 0.0)	(150000, 0.0)	(160000, 0.0)	(170000, 0.0)	(180000, 0.0)	(190000, 0.0)	(200000, 0.0)	(210000, 0.0)	(220000, 0.0)	(230000, 0.0)	(240000, 0.0)	(250000, 0.0)	(260000, 0.0)	(270000, 0.0)	(280000, 0.0)	(290000, 0.0)	(300000, 0.0)	(310000, 0.0)	(320000, 0.0)	(330000, 0.0)	(340000, 0.0)	(350000, 0.0)	(360000, 0.0)	(370000, 0.0)	(380000, 0.0)	(390000, 0.0)	(400000, 0.0)	(410000, 0.0)	(420000, 0.0)	(430000, 0.0)	(440000, 0.0)	(450000, 0.0)	(460000, 0.0)	(470000, 0.0)	(480000, 0.0)	(490000, 0.0)	(500000, 0.0)	(510000, 0.0)	(520000, 0.0)	(530000, 0.0)	(540000, 0.0)	(550000, 0.0)	(560000, 0.0)	(570000, 0.0)	(580000, 0.0)	(590000, 0.0)	(600000, 0.0)				
dorado_FBA62655_pass_9d20541a_79aab80e_concatenated	(1, 0.0)	(2, 0.0)	(3, 0.0)	(4, 0.0)	(5, 0.0)	(6, 0.0)	(7, 0.0)	(8, 0.0)	(9, 0.0)	(10, 0.0)	(10000, 0.0)	(20000, 0.0)	(30000, 0.0)	(40000, 0.0)	(50000, 0.0)	(60000, 0.0)	(70000, 0.0)	(80000, 0.0)	(90000, 0.0)	(100000, 0.0)	(110000, 0.0)	(120000, 0.0)	(130000, 0.0)	(140000, 0.0)	(150000, 0.0)	(160000, 0.0)	(170000, 0.0)	(180000, 0.0)	(190000, 0.0)	(200000, 0.0)	(210000, 0.0)	(220000, 0.0)	(230000, 0.0)	(240000, 0.0)	(250000, 0.0)	(260000, 0.0)	(270000, 0.0)	(280000, 0.0)	(290000, 0.0)	(300000, 0.0)	(310000, 0.0)	(320000, 0.0)	(330000, 0.0)	(340000, 0.0)	(350000, 0.0)	(360000, 0.0)	(370000, 0.0)	(380000, 0.0)	(390000, 0.0)	(400000, 0.0)	(410000, 0.0)	(420000, 0.0)	(430000, 0.0)	(440000, 0.0)	(450000, 0.0)	(460000, 0.0)	(470000, 0.0)	(480000, 0.0)	(490000, 0.0)	(500000, 0.0)	(510000, 0.0)	(520000, 0.0)	(530000, 0.0)	(540000, 0.0)	(550000, 0.0)	(560000, 0.0)	(570000, 0.0)	(580000, 0.0)	(590000, 0.0)	(600000, 0.0)				
dorado_trim_full_length_pychopper_output.FAZ80247_pass_03069096_5394ef1c_concatenated	(1, 0.0)	(2, 0.0)	(3, 0.0)	(4, 0.0)	(5, 0.0)	(6, 0.0)	(7, 0.0)	(8, 0.0)	(9, 0.0)	(10, 0.0)	(100, 0.0)	(200, 0.0)	(300, 0.0)	(400, 0.0)	(500, 0.0)	(600, 0.0)	(700, 0.0)	(800, 0.0)	(900, 0.0)	(1000, 0.0)	(1100, 0.0)	(1200, 0.0)	(1300, 0.0)	(1400, 0.0)	(1500, 0.0)	(1600, 0.0)	(1700, 0.0)	(1800, 0.0)	(1900, 0.0)	(2000, 0.0)	(2100, 0.0)	(2200, 0.0)	(2300, 0.0)	(2400, 0.0)	(2500, 0.0)	(2600, 0.0)	(2700, 0.0)	(2800, 0.0)	(2900, 0.0)	(3000, 0.0)	(3100, 0.0)	(3200, 0.0)	(3300, 0.0)	(3400, 0.0)	(3500, 0.0)	(3600, 0.0)	(3700, 0.0)	(3800, 0.0)	(3900, 0.0)	(4000, 0.0)	(4100, 0.0)	(4200, 0.0)	(4300, 0.0)	(4400, 0.0)	(4500, 0.0)	(4600, 0.0)	(4700, 0.0)	(4800, 0.0)	(4900, 0.0)	(5000, 0.0)	(5100, 0.0)	(5200, 0.0)	(5300, 0.0)	(5400, 0.0)	(5500, 0.0)	(5600, 0.0)	(5700, 0.0)	(5800, 0.0)	(5900, 0.0)	(6000, 0.0)	(6100, 0.0)	(6200, 0.0)	(6300, 0.0)	(6400, 0.0)
dorado_trimmed_FAZ80247_pass_03069096_5394ef1c_concatenated	(1, 0.0)	(2, 0.0)	(3, 0.0)	(4, 0.0)	(5, 0.0)	(6, 0.0)	(7, 0.0)	(8, 0.0)	(9, 0.0)	(10, 0.0)	(10000, 0.0)	(20000, 0.0)	(30000, 0.0)	(40000, 0.0)	(50000, 0.0)	(60000, 0.0)	(70000, 0.0)	(80000, 0.0)	(90000, 0.0)	(100000, 0.0)	(110000, 0.0)	(120000, 0.0)	(130000, 0.0)	(140000, 0.0)	(150000, 0.0)	(160000, 0.0)	(170000, 0.0)	(180000, 0.0)	(190000, 0.0)	(200000, 0.0)	(210000, 0.0)	(220000, 0.0)	(230000, 0.0)	(240000, 0.0)	(250000, 0.0)	(260000, 0.0)	(270000, 0.0)	(280000, 0.0)	(290000, 0.0)	(300000, 0.0)	(310000, 0.0)	(320000, 0.0)	(330000, 0.0)	(340000, 0.0)	(350000, 0.0)	(360000, 0.0)	(370000, 0.0)	(380000, 0.0)	(390000, 0.0)	(400000, 0.0)	(410000, 0.0)	(420000, 0.0)	(430000, 0.0)	(440000, 0.0)	(450000, 0.0)	(460000, 0.0)	(470000, 0.0)																	
dorado_trimmed_FAZ83542_pass_1344a466_45031b9d_concatenated	(1, 0.0)	(2, 0.0)	(3, 0.0)	(4, 0.0)	(5, 0.0)	(6, 0.0)	(7, 0.0)	(8, 0.0)	(9, 0.0)	(10, 0.0)	(5000, 0.0)	(10000, 0.0)	(15000, 0.0)	(20000, 0.0)	(25000, 0.0)	(30000, 0.0)	(35000, 0.0)	(40000, 0.0)	(45000, 0.0)	(50000, 0.0)	(55000, 0.0)	(60000, 0.0)	(65000, 0.0)	(70000, 0.0)	(75000, 0.0)	(80000, 0.0)	(85000, 0.0)	(90000, 0.0)	(95000, 0.0)	(100000, 0.0)	(105000, 0.0)	(110000, 0.0)	(115000, 0.0)	(120000, 0.0)	(125000, 0.0)	(130000, 0.0)	(135000, 0.0)	(140000, 0.0)	(145000, 0.0)	(150000, 0.0)	(155000, 0.0)	(160000, 0.0)	(165000, 0.0)	(170000, 0.0)	(175000, 0.0)	(180000, 0.0)	(185000, 0.0)	(190000, 0.0)	(195000, 0.0)	(200000, 0.0)	(205000, 0.0)	(210000, 0.0)	(215000, 0.0)	(220000, 0.0)	(225000, 0.0)	(230000, 0.0)	(235000, 0.0)	(240000, 0.0)	(245000, 0.0)	(250000, 0.0)	(255000, 0.0)	(260000, 0.0)	(265000, 0.0)	(270000, 0.0)	(275000, 0.0)	(280000, 0.0)	(285000, 0.0)	(290000, 0.0)	(295000, 0.0)	(300000, 0.0)	(305000, 0.0)	(310000, 0.0)	(315000, 0.0)	
dorado_trimmed_FBA43334_fail_6846ed3b_6b29293f_concatenated	(1, 0.0)	(2, 0.0)	(3, 0.0)	(4, 0.0)	(5, 0.0)	(6, 0.0)	(7, 0.0)	(8, 0.0)	(9, 0.0)	(10, 0.0)	(10000, 0.0)	(20000, 0.0)	(30000, 0.0)	(40000, 0.0)	(50000, 0.0)	(60000, 0.0)	(70000, 0.0)	(80000, 0.0)	(90000, 0.0)	(100000, 0.0)	(110000, 0.0)	(120000, 0.0)	(130000, 0.0)	(140000, 0.0)	(150000, 0.0)	(160000, 0.0)	(170000, 0.0)	(180000, 0.0)	(190000, 0.0)	(200000, 0.0)	(210000, 0.0)	(220000, 0.0)	(230000, 0.0)	(240000, 0.0)	(250000, 0.0)	(260000, 0.0)	(270000, 0.0)	(280000, 0.0)	(290000, 0.0)	(300000, 0.0)	(310000, 0.0)	(320000, 0.0)	(330000, 0.0)	(340000, 0.0)	(350000, 0.0)	(360000, 0.0)																												
dorado_trimmed_FBA43334_pass_6846ed3b_6b29293f_concatenated	(1, 0.0)	(2, 0.0)	(3, 0.0)	(4, 0.0)	(5, 0.0)	(6, 0.0)	(7, 0.0)	(8, 0.0)	(9, 0.0)	(10, 0.0)	(5000, 0.0)	(10000, 0.0)	(15000, 0.0)	(20000, 0.0)	(25000, 0.0)	(30000, 0.0)	(35000, 0.0)	(40000, 0.0)	(45000, 0.0)	(50000, 0.0)	(55000, 0.0)	(60000, 0.0)	(65000, 0.0)	(70000, 0.0)	(75000, 0.0)	(80000, 0.0)	(85000, 0.0)	(90000, 0.0)	(95000, 0.0)	(100000, 0.0)	(105000, 0.0)	(110000, 0.0)	(115000, 0.0)	(120000, 0.0)	(125000, 0.0)	(130000, 0.0)	(135000, 0.0)	(140000, 0.0)	(145000, 0.0)	(150000, 0.0)	(155000, 0.0)	(160000, 0.0)	(165000, 0.0)	(170000, 0.0)	(175000, 0.0)	(180000, 0.0)	(185000, 0.0)	(190000, 0.0)	(195000, 0.0)	(200000, 0.0)	(205000, 0.0)	(210000, 0.0)	(215000, 0.0)	(220000, 0.0)	(225000, 0.0)	(230000, 0.0)	(235000, 0.0)	(240000, 0.0)	(245000, 0.0)	(250000, 0.0)	(255000, 0.0)													
dorado_trimmed_FBA62655_pass_9d20541a_79aab80e_concatenated	(1, 0.0)	(2, 0.0)	(3, 0.0)	(4, 0.0)	(5, 0.0)	(6, 0.0)	(7, 0.0)	(8, 0.0)	(9, 0.0)	(10, 0.0)	(10000, 0.0)	(20000, 0.0)	(30000, 0.0)	(40000, 0.0)	(50000, 0.0)	(60000, 0.0)	(70000, 0.0)	(80000, 0.0)	(90000, 0.0)	(100000, 0.0)	(110000, 0.0)	(120000, 0.0)	(130000, 0.0)	(140000, 0.0)	(150000, 0.0)	(160000, 0.0)	(170000, 0.0)	(180000, 0.0)	(190000, 0.0)	(200000, 0.0)	(210000, 0.0)	(220000, 0.0)	(230000, 0.0)	(240000, 0.0)	(250000, 0.0)	(260000, 0.0)	(270000, 0.0)	(280000, 0.0)	(290000, 0.0)	(300000, 0.0)	(310000, 0.0)	(320000, 0.0)	(330000, 0.0)	(340000, 0.0)	(350000, 0.0)	(360000, 0.0)	(370000, 0.0)	(380000, 0.0)	(390000, 0.0)	(400000, 0.0)	(410000, 0.0)	(420000, 0.0)	(430000, 0.0)	(440000, 0.0)	(450000, 0.0)	(460000, 0.0)	(470000, 0.0)	(480000, 0.0)	(490000, 0.0)	(500000, 0.0)	(510000, 0.0)	(520000, 0.0)	(530000, 0.0)	(540000, 0.0)	(550000, 0.0)	(560000, 0.0)	(570000, 0.0)	(580000, 0.0)	(590000, 0.0)	(600000, 0.0)				
dorado_trimmed_FBA62655_pass_9d20541a_79aab80e_concatenatedTrimLT-U0-D20W100L100R0	(1, 0.0)	(2, 0.0)	(3, 0.0)	(4, 0.0)	(5, 0.0)	(6, 0.0)	(7, 0.0)	(8, 0.0)	(9, 0.0)	(10, 1.0933623564414046)	(10000, 4.263493508340974)	(20000, 8.764178619196466)	(30000, 14.681800563233413)	(40000, 21.141347091578318)	(50000, 28.549591078066918)	(60000, 32.5121067425243)	(70000, 39.779893115922235)	(80000, 42.77777777777778)	(90000, 40.69471900593053)	(100000, 39.60520525554787)	(110000, 44.83)	(120000, 46.001666666666665)	(130000, 44.53678264876026)	(140000, 64.9181714172014)	(150000, 64.7475)	(160000, 71.98424555208474)	(170000, 84.67333333333333)	(180000, 79.32666666666667)	(190000, 79.33666666666667)	(200000, 76.33333333333333)	(210000, 76.66333333333334)	(220000, 73.0)	(230000, 73.33666666666666)	(240000, 76.0)	(250000, 74.8865688736179)	(260000, 75.5)	(270000, 82.0)	(280000, 83.005)	(290000, 86.35578583765113)	(300000, 92.0)	(310000, 94.0)	(320000, 90.0)	(330000, 87.0)	(340000, 88.0)	(350000, 89.0)	(360000, 92.0)	(370000, 88.0)	(380000, 90.0)	(390000, 90.0)	(400000, 90.0)	(410000, 87.0)	(420000, 87.0)	(430000, 86.0)	(440000, 89.0)	(450000, 87.01)	(460000, 87.99)	(470000, 96.0)	(480000, 90.0)	(490000, 90.0)	(500000, 91.0)	(510000, 89.0)	(520000, 91.01)	(530000, 90.99000000000001)	(540000, 96.0)	(550000, 90.0)	(560000, 92.01)	(570000, 85.0)	(580000, 91.99000000000001)	(590000, 84.00319936012798)					
restranded_dorado_trimmed_FBA43334_fail_6846ed3b_6b29293f_concatenated	(1, 0.0)	(2, 0.0)	(3, 0.0)	(4, 0.0)	(5, 0.0)	(6, 0.0)	(7, 0.0)	(8, 0.0)	(9, 0.0)	(10, 0.0)	(5000, 0.0)	(10000, 0.0)	(15000, 0.0)	(20000, 0.0)	(25000, 0.0)	(30000, 0.0)	(35000, 0.0)	(40000, 0.0)	(45000, 0.0)	(50000, 0.0)	(55000, 0.0)	(60000, 0.0)	(65000, 0.0)	(70000, 0.0)	(75000, 0.0)	(80000, 0.0)	(85000, 0.0)	(90000, 0.0)	(95000, 0.0)	(100000, 0.0)	(105000, 0.0)	(110000, 0.0)	(115000, 0.0)	(120000, 0.0)	(125000, 0.0)	(130000, 0.0)	(135000, 0.0)	(140000, 0.0)	(145000, 0.0)	(150000, 0.0)	(155000, 0.0)	(160000, 0.0)	(165000, 0.0)	(170000, 0.0)	(175000, 0.0)	(180000, 0.0)	(185000, 0.0)	(190000, 0.0)	(195000, 0.0)	(200000, 0.0)	(205000, 0.0)	(210000, 0.0)	(215000, 0.0)	(220000, 0.0)	(225000, 0.0)	(230000, 0.0)	(235000, 0.0)	(240000, 0.0)	(245000, 0.0)	(250000, 0.0)	(255000, 0.0)	(260000, 0.0)	(265000, 0.0)	(270000, 0.0)	(275000, 0.0)	(280000, 0.0)	(285000, 0.0)	(290000, 0.0)	(295000, 0.0)	(300000, 0.0)	(305000, 0.0)	(310000, 0.0)		
