Sample	0	1	2	3	4	5	6	7	8	9	10	11	12	13	14	15
FAZ80247_pass_03069096_5394ef1c_concatenated	(1.0, 99.60231705963582)	(2.0, 0.22952718574291092)	(3.0, 0.046234506006356785)	(4.0, 0.02519747430130033)	(5.0, 0.012128462006603436)	(6.0, 0.009121648878058363)	(7.0, 0.00609799857747901)	(8.0, 0.002038309659449191)	(9.0, 0.001021981742201396)	('>10', 0.010691639998125724)	('>50', 0.002336962056848778)	('>100', 0.007473201038177342)	('>500', 0.004170055319611535)	('>1k', 0.007792157317818516)	('>5k', 0.03385135771926587)	('>10k+', 0.0)
FAZ83542_pass_1344a466_45031b9d_concatenated	(1.0, 99.47206134216819)	(2.0, 0.3227349931020028)	(3.0, 0.06532379047797107)	(4.0, 0.035268975838872306)	(5.0, 0.01515590224758067)	(6.0, 0.008104854155658278)	(7.0, 0.009142423944016927)	(8.0, 0.0030556434678759726)	(9.0, 0.006127653534696534)	('>10', 0.016878546052470467)	('>50', 0.0024248208098179925)	('>100', 0.0070897267773468815)	('>500', 0.005319790838973992)	('>1k', 0.0)	('>5k', 0.03131153658454692)	('>10k+', 0.0)
FBA22517_pass_d17fa1e0_a6486b6e_concatenated	(1.0, 68.5538211978071)	(2.0, 4.757519310759085)	(3.0, 2.366544170670639)	(4.0, 1.5405972250598017)	(5.0, 1.0913308282990513)	(6.0, 0.8219000204944495)	(7.0, 0.7509323806461178)	(8.0, 0.6033666222552501)	(9.0, 0.4866352919093514)	('>10', 6.243088044848303)	('>50', 2.6763354263109633)	('>100', 5.021435789677033)	('>500', 1.5058591493711164)	('>1k', 1.1509118963798572)	('>5k', 0.3981474016273589)	('>10k+', 2.0315752438845007)
FBA22660_pass_d1e1158a_77e47f3b_concatenated	(1.0, 65.58991537633081)	(2.0, 4.7365000389795675)	(3.0, 2.3630664051565584)	(4.0, 1.513851763416599)	(5.0, 1.0443494429512916)	(6.0, 0.8799783618455925)	(7.0, 0.7339789800940774)	(8.0, 0.5931687927399744)	(9.0, 0.515455527555148)	('>10', 6.357129986560246)	('>50', 2.4759138010997352)	('>100', 6.2988985939507804)	('>500', 1.6277902878214554)	('>1k', 2.0831750592437337)	('>5k', 0.33374621925438436)	('>10k+', 2.8530813630001943)
FBA43334_pass_6846ed3b_6b29293f_concatenated	(1.0, 59.127767553165455)	(2.0, 5.32058510722271)	(3.0, 2.822389157616823)	(4.0, 1.91700224416941)	(5.0, 1.4037754406580332)	(6.0, 1.216698035754527)	(7.0, 0.931016355606293)	(8.0, 0.8101892062725857)	(9.0, 0.699354286431362)	('>10', 9.968026946589807)	('>50', 3.5223917358407157)	('>100', 6.743962475704834)	('>500', 1.9959612130433795)	('>1k', 2.7223103954847483)	('>5k', 0.7985698464393571)	('>10k+', 0.0)
FBA62655_pass_9d20541a_79aab80e_concatenated	(1.0, 64.07003107716504)	(2.0, 5.453845708588682)	(3.0, 2.8486355450147536)	(4.0, 1.9082938157493199)	(5.0, 1.4387872899976117)	(6.0, 1.1098103434607374)	(7.0, 0.939021537692828)	(8.0, 0.7771655342221367)	(9.0, 0.7109853973596578)	('>10', 9.000526782407919)	('>50', 3.1276426634708456)	('>100', 5.454723388921589)	('>500', 1.5366374350116219)	('>1k', 1.484378018493447)	('>5k', 0.1395154624438026)	('>10k+', 0.0)
FBA62655_pass_9d20541a_79aab80e_merged	(1.0, 53.44432387234437)	(2.0, 9.011339147039225)	(3.0, 8.661461139453495)	(4.0, 3.1824062808099836)	(5.0, 3.1346783241717393)	(6.0, 5.7538608985553426)	(7.0, 0.9715707557997184)	(8.0, 0.7428082478869742)	(9.0, 0.6675994402465277)	('>10', 6.9559193072823975)	('>50', 1.8691722747807313)	('>100', 2.834192409250187)	('>500', 0.8179952988509215)	('>1k', 1.4805940389037144)	('>5k', 0.3144281752059494)	('>10k+', 0.1576503894187091)
chopper_filtered_FBA22517_pass_d17fa1e0_a6486b6e_concatenated	(1.0, 68.15073060819559)	(2.0, 4.7867820060836435)	(3.0, 2.3983563393787977)	(4.0, 1.552410426538943)	(5.0, 1.0957154197037666)	(6.0, 0.8403880518913159)	(7.0, 0.7644519821204321)	(8.0, 0.6155849050002443)	(9.0, 0.48952718683686924)	('>10', 6.2828933987101685)	('>50', 2.7296058019004157)	('>100', 5.111952677194149)	('>500', 1.566590736708581)	('>1k', 1.117754431859123)	('>5k', 0.4090779032675189)	('>10k+', 2.0881781246104043)
chopper_filtered_FBA22660_pass_d1e1158a_77e47f3b_concatenated	(1.0, 65.32363146925195)	(2.0, 4.7370957581030355)	(3.0, 2.3697225792924606)	(4.0, 1.5127510556743409)	(5.0, 1.0643068667230378)	(6.0, 0.8710272485059206)	(7.0, 0.7481752744618827)	(8.0, 0.6014770915892732)	(9.0, 0.5101607509156837)	('>10', 6.378326727568948)	('>50', 2.4913520180677216)	('>100', 6.370967525051581)	('>500', 1.6512128575354434)	('>1k', 2.117717607756784)	('>5k', 0.340547204838866)	('>10k+', 2.9115279646630605)
chopper_filtered_dorado_trimmed_FAZ80247_pass_03069096_5394ef1c_concatenated	(1.0, 60.67237384376926)	(2.0, 4.720785799736663)	(3.0, 1.5047500673174623)	(4.0, 0.9691929732299631)	(5.0, 0.8052656403183269)	(6.0, 0.69351631515047)	(7.0, 0.5398262859886181)	(8.0, 0.4765496227872664)	(9.0, 0.4525432884052537)	('>10', 7.005825982092763)	('>50', 3.4623309270165095)	('>100', 9.201386574887485)	('>500', 4.093606031120657)	('>1k', 3.9164752581181803)	('>5k', 1.0925385630918218)	('>10k+', 0.3930328269693519)
chopper_filtered_dorado_trimmed_FAZ83542_pass_1344a466_45031b9d_concatenated	(1.0, 62.0488891025898)	(2.0, 3.70819357296807)	(3.0, 1.531553875663518)	(4.0, 1.087712872527931)	(5.0, 0.8458788853322322)	(6.0, 0.6192404982310602)	(7.0, 0.6017537153931196)	(8.0, 0.5113502599456812)	(9.0, 0.41858001290992813)	('>10', 7.3741978710256255)	('>50', 3.4761867394942185)	('>100', 9.171217562096547)	('>500', 3.5758879598900872)	('>1k', 3.4187484655745197)	('>5k', 1.2261983328865622)	('>10k+', 0.3844102734712197)
chopper_filtered_dorado_trimmed_FBA43334_pass_6846ed3b_6b29293f_concatenated	(1.0, 34.879496118033565)	(2.0, 2.8860088311884406)	(3.0, 1.3932094361030742)	(4.0, 0.9010327889539362)	(5.0, 0.6758321235070381)	(6.0, 0.5368982232643338)	(7.0, 0.4332407286680268)	(8.0, 0.38744360610095147)	(9.0, 0.3417574302293452)	('>10', 4.49811651294829)	('>50', 1.7665432548451179)	('>100', 4.280992592923482)	('>500', 2.0945404427128644)	('>1k', 3.7869678783050627)	('>5k', 2.5881367796434804)	('>10k+', 38.549783252573036)
chopper_filtered_dorado_trimmed_FBA62655_pass_9d20541a_79aab80e_concatenated	(1.0, 44.76475291215464)	(2.0, 4.571992831881022)	(3.0, 2.271794597570462)	(4.0, 1.4096475022873194)	(5.0, 1.0588365992428017)	(6.0, 0.8295233322949714)	(7.0, 0.6857752404587413)	(8.0, 0.578729880957248)	(9.0, 0.4833678745667977)	('>10', 6.032935684687823)	('>50', 2.0667140135774846)	('>100', 4.46029553798564)	('>500', 2.0263680148341656)	('>1k', 4.377703045426014)	('>5k', 1.2680751326106883)	('>10k+', 23.113487799464146)
dorado_FBA62655_pass_9d20541a_79aab80e_concatenated	(1.0, 64.07003107716504)	(2.0, 5.453845708588682)	(3.0, 2.8486355450147536)	(4.0, 1.9082938157493199)	(5.0, 1.4387872899976117)	(6.0, 1.1098103434607374)	(7.0, 0.939021537692828)	(8.0, 0.7771655342221367)	(9.0, 0.7109853973596578)	('>10', 9.000526782407919)	('>50', 3.1276426634708456)	('>100', 5.454723388921589)	('>500', 1.5366374350116219)	('>1k', 1.484378018493447)	('>5k', 0.1395154624438026)	('>10k+', 0.0)
dorado_trim_full_length_pychopper_output.FAZ80247_pass_03069096_5394ef1c_concatenated	(1.0, 25.092970079111875)	(2.0, 4.189295706688243)	(3.0, 2.4032074173207354)	(4.0, 1.7125848643775194)	(5.0, 1.3155966445403253)	(6.0, 1.1095384880563293)	(7.0, 0.9506289175573323)	(8.0, 0.8718747770917036)	(9.0, 0.7604751183178927)	('>10', 12.508767846639765)	('>50', 5.524053939334678)	('>100', 13.086570600307848)	('>500', 5.604553558124998)	('>1k', 11.84942013646139)	('>5k', 5.0446362437396335)	('>10k+', 7.9758256623298065)
dorado_trimmed_FAZ80247_pass_03069096_5394ef1c_concatenated	(1.0, 61.10609755719476)	(2.0, 4.6819924786204306)	(3.0, 1.4969564356532967)	(4.0, 0.9667121914610293)	(5.0, 0.8022539544576374)	(6.0, 0.681377239740385)	(7.0, 0.5377365671733452)	(8.0, 0.46719974023636324)	(9.0, 0.4439534826283145)	('>10', 6.921325899001858)	('>50', 3.4239558888161805)	('>100', 9.089161659275922)	('>500', 4.038595715404439)	('>1k', 3.8680350578012264)	('>5k', 1.0761889173456454)	('>10k+', 0.3984572151892191)
dorado_trimmed_FAZ83542_pass_1344a466_45031b9d_concatenated	(1.0, 62.79334399213663)	(2.0, 3.640649965934696)	(3.0, 1.5210034597377762)	(4.0, 1.065285540754083)	(5.0, 0.8230840583260757)	(6.0, 0.6112566228215277)	(7.0, 0.5873821553182346)	(8.0, 0.4964984299613434)	(9.0, 0.41935083831857767)	('>10', 7.2034288211263595)	('>50', 3.4184690786540504)	('>100', 8.999227979804287)	('>500', 3.497617500593871)	('>1k', 3.340918546958952)	('>5k', 1.1961128580355262)	('>10k+', 0.3863701515180028)
dorado_trimmed_FBA43334_fail_6846ed3b_6b29293f_concatenated	(1.0, 44.035812462154375)	(2.0, 0.5174063886951981)	(3.0, 0.1362369858923521)	(4.0, 0.06716587915076487)	(5.0, 0.047552290003000444)	(6.0, 0.029930464386228182)	(7.0, 0.025948137693002523)	(8.0, 0.018461194921986494)	(9.0, 0.012832904590153335)	('>10', 0.22090534445642143)	('>50', 0.07691108914322799)	('>100', 0.35476068650602094)	('>500', 0.15274476001182025)	('>1k', 0.5090801347653857)	('>5k', 0.0)	('>10k+', 53.79425127763008)
dorado_trimmed_FBA43334_pass_6846ed3b_6b29293f_concatenated	(1.0, 35.208542589268134)	(2.0, 2.896408887704558)	(3.0, 1.396338882909974)	(4.0, 0.9133437488100801)	(5.0, 0.6742683141971536)	(6.0, 0.535106045865263)	(7.0, 0.43259649166777087)	(8.0, 0.3900189461402705)	(9.0, 0.34128281183611436)	('>10', 4.505926639460417)	('>50', 1.7581191277957886)	('>100', 4.263293169899828)	('>500', 2.0648205102887793)	('>1k', 3.798758310878996)	('>5k', 2.5682680369944646)	('>10k+', 38.252907486282425)
dorado_trimmed_FBA62655_pass_9d20541a_79aab80e_concatenated	(1.0, 45.08433662442906)	(2.0, 4.554719577935096)	(3.0, 2.2690791487473376)	(4.0, 1.4050377491400803)	(5.0, 1.045528510437994)	(6.0, 0.8332301493790247)	(7.0, 0.6859900365366184)	(8.0, 0.5762403419220362)	(9.0, 0.48329050082059544)	('>10', 6.01529799089189)	('>50', 2.0549321153326416)	('>100', 4.432073008645668)	('>500', 2.0115412514835747)	('>1k', 4.3454650938201205)	('>5k', 1.2586538249067853)	('>10k+', 22.944584075571413)
dorado_trimmed_FBA62655_pass_9d20541a_79aab80e_concatenatedTrimLT-U0-D20W100L100R0	(1.0, 43.97425347770181)	(2.0, 4.661438985166066)	(3.0, 2.3141913239286853)	(4.0, 1.4531912475074806)	(5.0, 1.134913949046611)	(6.0, 0.8509567705229896)	(7.0, 0.7037510462516415)	(8.0, 0.6134227375892184)	(9.0, 0.5055814752605604)	('>10', 6.238727075017536)	('>50', 2.053677538250489)	('>100', 4.488802767005259)	('>500', 2.0416680369664033)	('>1k', 4.410624473867714)	('>5k', 1.2777743172768594)	('>10k+', 23.277024778640648)
restranded_dorado_trimmed_FBA43334_fail_6846ed3b_6b29293f_concatenated	(1.0, 80.5056086698048)	(2.0, 0.9083023906285024)	(3.0, 0.4707189427827968)	(4.0, 0.32745665584890216)	(5.0, 0.28262628034577864)	(6.0, 0.19881296962254774)	(7.0, 0.08186416396222554)	(8.0, 0.10135563157227924)	(9.0, 0.07894044382071748)	('>10', 1.8926215049362143)	('>50', 0.7972010252511963)	('>100', 2.296094884464326)	('>500', 2.7502460797785773)	('>1k', 9.308150357181145)	('>5k', 0.0)	('>10k+', 0.0)
