Sample	0	1	2	3	4	5	6	7	8	9	10	11	12	13	14	15	16	17	18	19	20	21	22	23	24	25	26	27	28	29	30	31	32	33	34	35	36	37	38	39	40	41	42	43	44	45	46	47	48	49	50	51	52	53	54	55	56	57	58	59	60	61	62	63	64	65	66	67	68	69	70	71	72
FAZ80247_pass_03069096_5394ef1c_concatenated - cdna_primer_(cprm)_forward_sequence:	(1, 0.0)	(2, 0.0)	(3, 0.0)	(4, 1.1128970016607205e-05)	(5, 3.3386910049821615e-05)	(6, 4.451588006642882e-05)	(7, 5.5644850083036025e-05)	(8, 6.677382009964323e-05)	(9, 9.459624514116125e-05)	(10, 5.716161783549347)	(10000, 5.77249594140375)	(20000, 5.7751969874993305)	(30000, 5.776016232715941)	(40000, 5.7763671658652935)	(50000, 5.776515549535532)	(60000, 5.776568609681751)	(70000, 5.77657785396074)	(80000, 5.776580918879097)	(90000, 5.776580918879097)	(100000, 5.776580918879097)	(110000, 5.776580918879097)	(120000, 5.776580918879097)	(130000, 5.776580918879097)	(140000, 5.776580918879097)	(150000, 5.776580918879097)	(160000, 5.776580918879097)	(170000, 5.776580918879097)	(180000, 5.776580918879097)	(190000, 5.776580918879097)	(200000, 5.776580918879097)	(210000, 5.776580918879097)	(220000, 5.776580918879097)	(230000, 5.776580918879097)	(240000, 5.776580918879097)	(250000, 5.776580918879097)	(260000, 5.776580918879097)	(270000, 5.776580918879097)	(280000, 5.776580918879097)	(290000, 5.776580918879097)	(300000, 5.776580918879097)	(310000, 5.776580918879097)	(320000, 5.776580918879097)	(330000, 5.776580918879097)	(340000, 5.776580918879097)	(350000, 5.776580918879097)	(360000, 5.776580918879097)	(370000, 5.776580918879097)	(380000, 5.776580918879097)	(390000, 5.776580918879097)	(400000, 5.776580918879097)	(410000, 5.776580918879097)	(420000, 5.776580918879097)	(430000, 5.776580918879097)	(440000, 5.776580918879097)	(450000, 5.776580918879097)	(460000, 5.776580918879097)	(470000, 5.77658091887924)																
FAZ80247_pass_03069096_5394ef1c_concatenated - cdna_primer_(cprm)_reverse_sequence:	(1, 0.0)	(2, 0.0)	(3, 1.1128970016607205e-05)	(4, 3.3386910049821615e-05)	(5, 3.895139505812522e-05)	(6, 4.451588006642882e-05)	(7, 7.233830510794684e-05)	(8, 9.459624514116125e-05)	(9, 0.00011685418517437566)	(10, 6.8486330103291575)	(10000, 6.914511403438084)	(20000, 6.917461798558635)	(30000, 6.918491441403162)	(40000, 6.918796108087062)	(50000, 6.9189000860537515)	(60000, 6.918965753098205)	(70000, 6.918989414957484)	(80000, 6.918997513509002)	(90000, 6.919002464231723)	(100000, 6.919003077994421)	(110000, 6.919003077994421)	(120000, 6.919003077994421)	(130000, 6.919003077994421)	(140000, 6.919003077994421)	(150000, 6.919003077994421)	(160000, 6.919003077994421)	(170000, 6.919003077994421)	(180000, 6.919003077994421)	(190000, 6.919003077994421)	(200000, 6.919003077994421)	(210000, 6.919003077994421)	(220000, 6.919003077994421)	(230000, 6.919003077994421)	(240000, 6.919003077994421)	(250000, 6.919003077994421)	(260000, 6.919003077994421)	(270000, 6.919003077994421)	(280000, 6.919003077994421)	(290000, 6.919003077994421)	(300000, 6.919003077994421)	(310000, 6.919003077994421)	(320000, 6.919003077994421)	(330000, 6.919003077994421)	(340000, 6.919003077994421)	(350000, 6.919003077994421)	(360000, 6.919003077994421)	(370000, 6.919003077994421)	(380000, 6.919003077994421)	(390000, 6.919003077994421)	(400000, 6.919003077994421)	(410000, 6.919003077994421)	(420000, 6.919003077994421)	(430000, 6.919003077994421)	(440000, 6.919003077994421)	(450000, 6.919003077994421)	(460000, 6.919003077994421)	(470000, 6.9190030779941365)																
FAZ80247_pass_03069096_5394ef1c_concatenated - cdna_rt_adapter_(crta):	(1, 0.0)	(2, 0.0)	(3, 0.0)	(4, 0.0)	(5, 0.0)	(6, 5.5644850083036025e-06)	(7, 1.1128970016607205e-05)	(8, 1.6693455024910808e-05)	(9, 2.225794003321441e-05)	(10, 30.70557965341006)	(10000, 34.132004358661376)	(20000, 34.13376975051331)	(30000, 34.13396989001819)	(40000, 34.134008225973645)	(50000, 34.13402562945722)	(60000, 34.13402562945722)	(70000, 34.13402562945722)	(80000, 34.13402562945722)	(90000, 34.13402562945722)	(100000, 34.13402562945722)	(110000, 34.13402562945722)	(120000, 34.13402562945722)	(130000, 34.13402562945722)	(140000, 34.13402562945722)	(150000, 34.13402562945722)	(160000, 34.13402562945722)	(170000, 34.13402562945722)	(180000, 34.13402562945722)	(190000, 34.13402562945722)	(200000, 34.13402562945722)	(210000, 34.13402562945722)	(220000, 34.13402562945722)	(230000, 34.13402562945722)	(240000, 34.13402562945722)	(250000, 34.13402562945722)	(260000, 34.13402562945722)	(270000, 34.13402562945722)	(280000, 34.13402562945722)	(290000, 34.13402562945722)	(300000, 34.13402562945722)	(310000, 34.13402562945722)	(320000, 34.13402562945722)	(330000, 34.13402562945722)	(340000, 34.13402562945722)	(350000, 34.13402562945722)	(360000, 34.13402562945722)	(370000, 34.13402562945722)	(380000, 34.13402562945722)	(390000, 34.13402562945722)	(400000, 34.13402562945722)	(410000, 34.13402562945722)	(420000, 34.13402562945722)	(430000, 34.13402562945722)	(440000, 34.13402562945722)	(450000, 34.13402562945722)	(460000, 34.13402562945722)	(470000, 34.13402562946364)																
FAZ80247_pass_03069096_5394ef1c_concatenated - rt_primer_(rtp):	(1, 1.1128970016607205e-05)	(2, 5.5644850083036025e-05)	(3, 8.903176013285764e-05)	(4, 0.00016137006524080447)	(5, 0.0002003214602989297)	(6, 0.00025596631038196573)	(7, 0.0006955606260379503)	(8, 0.00179176417267376)	(9, 0.0035501414352976986)	(10, 37.180643266481674)	(10000, 37.59093615003763)	(20000, 37.591811263238625)	(30000, 37.59188514068935)	(40000, 37.59188564538814)	(50000, 37.59188564538814)	(60000, 37.59188564538814)	(70000, 37.59188564538814)	(80000, 37.59188564538814)	(90000, 37.59188564538814)	(100000, 37.59188564538814)	(110000, 37.59188564538814)	(120000, 37.59188564538814)	(130000, 37.59188564538814)	(140000, 37.59188564538814)	(150000, 37.59188564538814)	(160000, 37.59188564538814)	(170000, 37.59188564538814)	(180000, 37.59188564538814)	(190000, 37.59188564538814)	(200000, 37.59188564538814)	(210000, 37.59188564538814)	(220000, 37.59188564538814)	(230000, 37.59188564538814)	(240000, 37.59188564538814)	(250000, 37.59188564538814)	(260000, 37.59188564538814)	(270000, 37.59188564538814)	(280000, 37.59188564538814)	(290000, 37.59188564538814)	(300000, 37.59188564538814)	(310000, 37.59188564538814)	(320000, 37.59188564538814)	(330000, 37.59188564538814)	(340000, 37.59188564538814)	(350000, 37.59188564538814)	(360000, 37.59188564538814)	(370000, 37.59188564538814)	(380000, 37.59188564538814)	(390000, 37.59188564538814)	(400000, 37.59188564538814)	(410000, 37.59188564538814)	(420000, 37.59188564538814)	(430000, 37.59188564538814)	(440000, 37.59188564538814)	(450000, 37.59188564538814)	(460000, 37.59188564538814)	(470000, 37.5918856453823)																
FAZ83542_pass_1344a466_45031b9d_concatenated - cdna_primer_(cprm)_forward_sequence:	(1, 0.0)	(2, 5.374071662708215e-06)	(3, 5.374071662708215e-06)	(4, 5.374071662708215e-06)	(5, 1.074814332541643e-05)	(6, 3.224442997624929e-05)	(7, 5.911478828979037e-05)	(8, 9.135921826603966e-05)	(9, 0.0001074814332541643)	(10, 6.272574070319488)	(5000, 6.349762114030752)	(10000, 6.350221140361911)	(15000, 6.350516686357981)	(20000, 6.3506635081454785)	(25000, 6.350753303508866)	(30000, 6.350779129147221)	(35000, 6.3507961907504225)	(40000, 6.35080802230689)	(45000, 6.350819935549049)	(50000, 6.350819935549049)	(55000, 6.350819935549049)	(60000, 6.350819935549049)	(65000, 6.350824130548343)	(70000, 6.3508253096197365)	(75000, 6.3508253096197365)	(80000, 6.3508253096197365)	(85000, 6.3508253096197365)	(90000, 6.3508253096197365)	(95000, 6.3508253096197365)	(100000, 6.3508253096197365)	(105000, 6.3508253096197365)	(110000, 6.3508253096197365)	(115000, 6.3508253096197365)	(120000, 6.3508253096197365)	(125000, 6.3508253096197365)	(130000, 6.3508253096197365)	(135000, 6.3508253096197365)	(140000, 6.3508253096197365)	(145000, 6.3508253096197365)	(150000, 6.3508253096197365)	(155000, 6.3508253096197365)	(160000, 6.3508253096197365)	(165000, 6.3508253096197365)	(170000, 6.3508253096197365)	(175000, 6.3508253096197365)	(180000, 6.3508253096197365)	(185000, 6.3508253096197365)	(190000, 6.3508253096197365)	(195000, 6.3508253096197365)	(200000, 6.3508253096197365)	(205000, 6.3508253096197365)	(210000, 6.3508253096197365)	(215000, 6.3508253096197365)	(220000, 6.3508253096197365)	(225000, 6.3508253096197365)	(230000, 6.3508253096197365)	(235000, 6.3508253096197365)	(240000, 6.3508253096197365)	(245000, 6.3508253096197365)	(250000, 6.3508253096197365)	(255000, 6.3508253096197365)	(260000, 6.3508253096197365)	(265000, 6.3508253096197365)	(270000, 6.3508253096197365)	(275000, 6.3508253096197365)	(280000, 6.3508253096197365)	(285000, 6.3508253096197365)	(290000, 6.3508253096197365)	(295000, 6.3508253096197365)	(300000, 6.3508253096197365)	(305000, 6.3508253096197365)	(310000, 6.3508253096197365)	(315000, 6.350825309619823)
FAZ83542_pass_1344a466_45031b9d_concatenated - cdna_primer_(cprm)_reverse_sequence:	(1, 0.0)	(2, 5.374071662708215e-06)	(3, 1.6122214988124646e-05)	(4, 1.6122214988124646e-05)	(5, 2.149628665083286e-05)	(6, 3.224442997624929e-05)	(7, 5.911478828979037e-05)	(8, 6.98629316152068e-05)	(9, 9.135921826603966e-05)	(10, 7.249070332585041)	(5000, 7.334721459984697)	(10000, 7.335297048855423)	(15000, 7.335561115689788)	(20000, 7.335722787111683)	(25000, 7.335816765652845)	(30000, 7.3358566133191445)	(35000, 7.3358690833153375)	(40000, 7.33588491640493)	(45000, 7.3358926453947815)	(50000, 7.3358926453947815)	(55000, 7.3358926453947815)	(60000, 7.3358926453947815)	(65000, 7.3358926453947815)	(70000, 7.3358926453947815)	(75000, 7.3358926453947815)	(80000, 7.3358926453947815)	(85000, 7.3358926453947815)	(90000, 7.3358926453947815)	(95000, 7.3358926453947815)	(100000, 7.3358926453947815)	(105000, 7.3358926453947815)	(110000, 7.3358926453947815)	(115000, 7.3358926453947815)	(120000, 7.3358926453947815)	(125000, 7.3358926453947815)	(130000, 7.3358926453947815)	(135000, 7.3358926453947815)	(140000, 7.3358926453947815)	(145000, 7.3358926453947815)	(150000, 7.3358926453947815)	(155000, 7.3358926453947815)	(160000, 7.3358926453947815)	(165000, 7.3358926453947815)	(170000, 7.3358926453947815)	(175000, 7.3358926453947815)	(180000, 7.3358926453947815)	(185000, 7.3358926453947815)	(190000, 7.3358926453947815)	(195000, 7.3358926453947815)	(200000, 7.3358926453947815)	(205000, 7.3358926453947815)	(210000, 7.3358926453947815)	(215000, 7.3358926453947815)	(220000, 7.3358926453947815)	(225000, 7.3358926453947815)	(230000, 7.3358926453947815)	(235000, 7.3358926453947815)	(240000, 7.3358926453947815)	(245000, 7.3358926453947815)	(250000, 7.3358926453947815)	(255000, 7.3358926453947815)	(260000, 7.3358926453947815)	(265000, 7.3358926453947815)	(270000, 7.3358926453947815)	(275000, 7.3358926453947815)	(280000, 7.3358926453947815)	(285000, 7.3358926453947815)	(290000, 7.3358926453947815)	(295000, 7.3358926453947815)	(300000, 7.3358926453947815)	(305000, 7.3358926453947815)	(310000, 7.3358926453947815)	(315000, 7.335894438709864)
FAZ83542_pass_1344a466_45031b9d_concatenated - cdna_rt_adapter_(crta):	(1, 0.0)	(2, 0.0)	(3, 0.0)	(4, 0.0)	(5, 0.0)	(6, 0.0)	(7, 5.374071662708215e-06)	(8, 1.074814332541643e-05)	(9, 1.074814332541643e-05)	(10, 25.57701569472373)	(5000, 32.37452014511058)	(10000, 32.37712191377143)	(15000, 32.377648214880956)	(20000, 32.377872133099984)	(25000, 32.37797044421647)	(30000, 32.378001160265335)	(35000, 32.37800646661762)	(40000, 32.378007901494996)	(45000, 32.378007901494996)	(50000, 32.378007901494996)	(55000, 32.378007901494996)	(60000, 32.378007901494996)	(65000, 32.378007901494996)	(70000, 32.378007901494996)	(75000, 32.378007901494996)	(80000, 32.378007901494996)	(85000, 32.378007901494996)	(90000, 32.378007901494996)	(95000, 32.378007901494996)	(100000, 32.378007901494996)	(105000, 32.378007901494996)	(110000, 32.378007901494996)	(115000, 32.378007901494996)	(120000, 32.378007901494996)	(125000, 32.378007901494996)	(130000, 32.378007901494996)	(135000, 32.378007901494996)	(140000, 32.378007901494996)	(145000, 32.378007901494996)	(150000, 32.378007901494996)	(155000, 32.378007901494996)	(160000, 32.378007901494996)	(165000, 32.378007901494996)	(170000, 32.378007901494996)	(175000, 32.378007901494996)	(180000, 32.37800932777487)	(185000, 32.37801327556648)	(190000, 32.37801327556648)	(195000, 32.37801327556648)	(200000, 32.37801327556648)	(205000, 32.37801327556648)	(210000, 32.37801327556648)	(215000, 32.37801327556648)	(220000, 32.37801327556648)	(225000, 32.37801327556648)	(230000, 32.37801327556648)	(235000, 32.37801327556648)	(240000, 32.37801327556648)	(245000, 32.37801327556648)	(250000, 32.37801327556648)	(255000, 32.37801327556648)	(260000, 32.37801327556648)	(265000, 32.37801327556648)	(270000, 32.37801327556648)	(275000, 32.37801327556648)	(280000, 32.37801327556648)	(285000, 32.37801327556648)	(290000, 32.37801327556648)	(295000, 32.37801327556648)	(300000, 32.37801327556648)	(305000, 32.37801327556648)	(310000, 32.37801327556648)	(315000, 32.378013293182825)
FAZ83542_pass_1344a466_45031b9d_concatenated - rt_primer_(rtp):	(1, 1.6122214988124646e-05)	(2, 2.149628665083286e-05)	(3, 3.76185016389575e-05)	(4, 6.448885995249858e-05)	(5, 8.598514660333144e-05)	(6, 0.00015047400655583)	(7, 0.00044604794800478186)	(8, 0.0010210736159145608)	(9, 0.0022087434533730765)	(10, 36.63865948398259)	(5000, 37.31661222606716)	(10000, 37.31804986332451)	(15000, 37.31843198991394)	(20000, 37.318501061782065)	(25000, 37.31854445418778)	(30000, 37.31855809357846)	(35000, 37.318558577244914)	(40000, 37.318558577244914)	(45000, 37.318558577244914)	(50000, 37.31856152546547)	(55000, 37.31856395132238)	(60000, 37.31856395132238)	(65000, 37.31856395132238)	(70000, 37.31856528623675)	(75000, 37.31856932538649)	(80000, 37.31856932538649)	(85000, 37.31856932538649)	(90000, 37.31856932538649)	(95000, 37.31856932538649)	(100000, 37.31857298942923)	(105000, 37.31857469945885)	(110000, 37.31857469945885)	(115000, 37.31857469945885)	(120000, 37.31857469945885)	(125000, 37.31857469945885)	(130000, 37.31857469945885)	(135000, 37.31857469945885)	(140000, 37.31857469945885)	(145000, 37.31857469945885)	(150000, 37.31857469945885)	(155000, 37.31857469945885)	(160000, 37.31857469945885)	(165000, 37.31857469945885)	(170000, 37.31857469945885)	(175000, 37.31857469945885)	(180000, 37.31857469945885)	(185000, 37.31857469945885)	(190000, 37.31857469945885)	(195000, 37.31857469945885)	(200000, 37.31857469945885)	(205000, 37.31857469945885)	(210000, 37.31857469945885)	(215000, 37.31857469945885)	(220000, 37.31857469945885)	(225000, 37.31857469945885)	(230000, 37.31857469945885)	(235000, 37.31857469945885)	(240000, 37.31857469945885)	(245000, 37.31857469945885)	(250000, 37.31857469945885)	(255000, 37.31857469945885)	(260000, 37.31857469945885)	(265000, 37.31857469945885)	(270000, 37.31857469945885)	(275000, 37.31857469945885)	(280000, 37.31857469945885)	(285000, 37.31857469945885)	(290000, 37.31857469945885)	(295000, 37.31857469945885)	(300000, 37.31857469945885)	(305000, 37.31857469945885)	(310000, 37.31857469945885)	(315000, 37.31857469945904)
FBA43334_pass_6846ed3b_6b29293f_concatenated - ligation_adapter_(la)_top_strand:	(1, 0.06796949466347049)	(2, 0.13192019143480746)	(3, 0.17607095712782816)	(4, 0.20981765719766002)	(5, 0.23000966611911128)	(6, 0.2407217929047633)	(7, 0.24768117462040914)	(8, 0.25198002811478193)	(9, 0.25437450351392765)	(10, 0.2639934902214494)	(5000, 0.26492185118433276)	(10000, 0.26532899601887844)	(15000, 0.2655581459142929)	(20000, 0.26569097628643334)	(25000, 0.26582662121740464)	(30000, 0.2659245398581541)	(35000, 0.2659898656279147)	(40000, 0.26607773587365646)	(45000, 0.26612283602784825)	(50000, 0.2661239058402624)	(55000, 0.2661650992188009)	(60000, 0.26617884714830936)	(65000, 0.2661920265649623)	(70000, 0.26622137359151665)	(75000, 0.2662448674559759)	(80000, 0.26624886104886286)	(85000, 0.26624886104886286)	(90000, 0.26625290785235345)	(95000, 0.2662628638289988)	(100000, 0.2662628638289988)	(105000, 0.2662678600209394)	(110000, 0.266276866609115)	(115000, 0.266276866609115)	(120000, 0.266276866609115)	(125000, 0.266276866609115)	(130000, 0.2662796475612354)	(135000, 0.2662908693891964)	(140000, 0.2662908693891964)	(145000, 0.2662908693891964)	(150000, 0.2662908693891964)	(155000, 0.2662908693891964)	(160000, 0.2662908693891964)	(165000, 0.2662908693891964)	(170000, 0.2662908693891964)	(175000, 0.2662908693891964)	(180000, 0.2662908693891964)	(185000, 0.2662908693891964)	(190000, 0.2662908693891964)	(195000, 0.2662908693891964)	(200000, 0.2662908693891964)	(205000, 0.2662908693891964)	(210000, 0.2662908693891964)	(215000, 0.2662908693891964)	(220000, 0.2662908693891964)	(225000, 0.2662908693891964)	(230000, 0.2662908693891964)	(235000, 0.2662908693891964)	(240000, 0.2662908693891964)	(245000, 0.2662908693891964)	(250000, 0.2662908693891964)	(255000, 0.2662908693891965)												
FBA43334_pass_6846ed3b_6b29293f_concatenated - native_adapter_(na)_top_strand:	(1, 0.06796949466347049)	(2, 0.13192019143480746)	(3, 0.17607095712782816)	(4, 0.20981765719766002)	(5, 0.23000966611911128)	(6, 0.2407217929047633)	(7, 0.24768117462040914)	(8, 0.25198002811478193)	(9, 0.25437450351392765)	(10, 0.2639934902214494)	(5000, 0.26492185118433276)	(10000, 0.26532899601887844)	(15000, 0.2655581459142929)	(20000, 0.26569097628643334)	(25000, 0.26582662121740464)	(30000, 0.2659245398581541)	(35000, 0.2659898656279147)	(40000, 0.26607773587365646)	(45000, 0.26612283602784825)	(50000, 0.2661239058402624)	(55000, 0.2661650992188009)	(60000, 0.26617884714830936)	(65000, 0.2661920265649623)	(70000, 0.26622137359151665)	(75000, 0.2662448674559759)	(80000, 0.26624886104886286)	(85000, 0.26624886104886286)	(90000, 0.26625290785235345)	(95000, 0.2662628638289988)	(100000, 0.2662628638289988)	(105000, 0.2662678600209394)	(110000, 0.266276866609115)	(115000, 0.266276866609115)	(120000, 0.266276866609115)	(125000, 0.266276866609115)	(130000, 0.2662796475612354)	(135000, 0.2662908693891964)	(140000, 0.2662908693891964)	(145000, 0.2662908693891964)	(150000, 0.2662908693891964)	(155000, 0.2662908693891964)	(160000, 0.2662908693891964)	(165000, 0.2662908693891964)	(170000, 0.2662908693891964)	(175000, 0.2662908693891964)	(180000, 0.2662908693891964)	(185000, 0.2662908693891964)	(190000, 0.2662908693891964)	(195000, 0.2662908693891964)	(200000, 0.2662908693891964)	(205000, 0.2662908693891964)	(210000, 0.2662908693891964)	(215000, 0.2662908693891964)	(220000, 0.2662908693891964)	(225000, 0.2662908693891964)	(230000, 0.2662908693891964)	(235000, 0.2662908693891964)	(240000, 0.2662908693891964)	(245000, 0.2662908693891964)	(250000, 0.2662908693891964)	(255000, 0.2662908693891965)												
FBA43334_pass_6846ed3b_6b29293f_concatenated - rapid_adapter_(ra)_top_strand:	(1, 0.06796949466347049)	(2, 0.13192019143480746)	(3, 0.17607095712782816)	(4, 0.20981765719766002)	(5, 0.23000966611911128)	(6, 0.2407217929047633)	(7, 0.24768117462040914)	(8, 0.25198002811478193)	(9, 0.25437450351392765)	(10, 0.2639934902214494)	(5000, 0.26492185118433276)	(10000, 0.26532899601887844)	(15000, 0.2655581459142929)	(20000, 0.26569097628643334)	(25000, 0.26582662121740464)	(30000, 0.2659245398581541)	(35000, 0.2659898656279147)	(40000, 0.26607773587365646)	(45000, 0.26612283602784825)	(50000, 0.2661239058402624)	(55000, 0.2661650992188009)	(60000, 0.26617884714830936)	(65000, 0.2661920265649623)	(70000, 0.26622137359151665)	(75000, 0.2662448674559759)	(80000, 0.26624886104886286)	(85000, 0.26624886104886286)	(90000, 0.26625290785235345)	(95000, 0.2662628638289988)	(100000, 0.2662628638289988)	(105000, 0.2662678600209394)	(110000, 0.266276866609115)	(115000, 0.266276866609115)	(120000, 0.266276866609115)	(125000, 0.266276866609115)	(130000, 0.2662796475612354)	(135000, 0.2662908693891964)	(140000, 0.2662908693891964)	(145000, 0.2662908693891964)	(150000, 0.2662908693891964)	(155000, 0.2662908693891964)	(160000, 0.2662908693891964)	(165000, 0.2662908693891964)	(170000, 0.2662908693891964)	(175000, 0.2662908693891964)	(180000, 0.2662908693891964)	(185000, 0.2662908693891964)	(190000, 0.2662908693891964)	(195000, 0.2662908693891964)	(200000, 0.2662908693891964)	(205000, 0.2662908693891964)	(210000, 0.2662908693891964)	(215000, 0.2662908693891964)	(220000, 0.2662908693891964)	(225000, 0.2662908693891964)	(230000, 0.2662908693891964)	(235000, 0.2662908693891964)	(240000, 0.2662908693891964)	(245000, 0.2662908693891964)	(250000, 0.2662908693891964)	(255000, 0.2662908693891965)												
FBA43334_pass_6846ed3b_6b29293f_concatenated - rapid_adapter_t_(rap_t):	(1, 0.06796949466347049)	(2, 0.13192019143480746)	(3, 0.17607095712782816)	(4, 0.20981765719766002)	(5, 0.23000966611911128)	(6, 0.2407217929047633)	(7, 0.24768117462040914)	(8, 0.25198002811478193)	(9, 0.25437450351392765)	(10, 0.2639934902214494)	(5000, 0.26492185118433276)	(10000, 0.26532899601887844)	(15000, 0.2655581459142929)	(20000, 0.26569097628643334)	(25000, 0.26582662121740464)	(30000, 0.2659245398581541)	(35000, 0.2659898656279147)	(40000, 0.26607773587365646)	(45000, 0.26612283602784825)	(50000, 0.2661239058402624)	(55000, 0.2661650992188009)	(60000, 0.26617884714830936)	(65000, 0.2661920265649623)	(70000, 0.26622137359151665)	(75000, 0.2662448674559759)	(80000, 0.26624886104886286)	(85000, 0.26624886104886286)	(90000, 0.26625290785235345)	(95000, 0.2662628638289988)	(100000, 0.2662628638289988)	(105000, 0.2662678600209394)	(110000, 0.266276866609115)	(115000, 0.266276866609115)	(120000, 0.266276866609115)	(125000, 0.266276866609115)	(130000, 0.2662796475612354)	(135000, 0.2662908693891964)	(140000, 0.2662908693891964)	(145000, 0.2662908693891964)	(150000, 0.2662908693891964)	(155000, 0.2662908693891964)	(160000, 0.2662908693891964)	(165000, 0.2662908693891964)	(170000, 0.2662908693891964)	(175000, 0.2662908693891964)	(180000, 0.2662908693891964)	(185000, 0.2662908693891964)	(190000, 0.2662908693891964)	(195000, 0.2662908693891964)	(200000, 0.2662908693891964)	(205000, 0.2662908693891964)	(210000, 0.2662908693891964)	(215000, 0.2662908693891964)	(220000, 0.2662908693891964)	(225000, 0.2662908693891964)	(230000, 0.2662908693891964)	(235000, 0.2662908693891964)	(240000, 0.2662908693891964)	(245000, 0.2662908693891964)	(250000, 0.2662908693891964)	(255000, 0.2662908693891965)												
FBA62655_pass_9d20541a_79aab80e_concatenated - ligation_adapter_(la)_top_strand:	(1, 0.15652951699463327)	(2, 0.2828698300646153)	(3, 0.3686476769366525)	(4, 0.42929978563749305)	(5, 0.4631018408024471)	(6, 0.48141242777034526)	(7, 0.4931541943013293)	(8, 0.4984366207360144)	(9, 0.5015841805287025)	(10, 0.5424647123218096)	(10000, 0.5464872767421173)	(20000, 0.546580770216024)	(30000, 0.5466079706066651)	(40000, 0.5466079706066651)	(50000, 0.5466079706066651)	(60000, 0.5466079706066651)	(70000, 0.5466079706066651)	(80000, 0.5466079706066651)	(90000, 0.5466079706066651)	(100000, 0.5466079706066651)	(110000, 0.5466079706066651)	(120000, 0.5466079706066651)	(130000, 0.5466079706066651)	(140000, 0.5466079706066651)	(150000, 0.5466079706066651)	(160000, 0.5466079706066651)	(170000, 0.5466079706066651)	(180000, 0.5466079706066651)	(190000, 0.5466079706066651)	(200000, 0.5466079706066651)	(210000, 0.5466079706066651)	(220000, 0.5466079706066651)	(230000, 0.5466079706066651)	(240000, 0.5466079706066651)	(250000, 0.5466079706066651)	(260000, 0.5466079706066651)	(270000, 0.5466079706066651)	(280000, 0.5466079706066651)	(290000, 0.5466079706066651)	(300000, 0.5466079706066651)	(310000, 0.5466079706066651)	(320000, 0.5466079706066651)	(330000, 0.5466079706066651)	(340000, 0.5466079706066651)	(350000, 0.5466079706066651)	(360000, 0.5466079706066651)	(370000, 0.5466079706066651)	(380000, 0.5466079706066651)	(390000, 0.5466079706066651)	(400000, 0.5466079706066651)	(410000, 0.5466079706066651)	(420000, 0.5466079706066651)	(430000, 0.5466079706066651)	(440000, 0.5466079706066651)	(450000, 0.5466079706066651)	(460000, 0.5466079706066651)	(470000, 0.5466079706066651)	(480000, 0.5466079706066651)	(490000, 0.5466079706066651)	(500000, 0.5466079706066651)	(510000, 0.5466079706066651)	(520000, 0.5466079706066651)	(530000, 0.5466079706066651)	(540000, 0.5466079706066651)	(550000, 0.5466079706066651)	(560000, 0.5466079706066651)	(570000, 0.5466079706066651)	(580000, 0.5466079706066651)	(590000, 0.5466079706066651)	(600000, 0.5466079706067547)			
FBA62655_pass_9d20541a_79aab80e_concatenated - native_adapter_(na)_top_strand:	(1, 0.15652951699463327)	(2, 0.2828698300646153)	(3, 0.3686476769366525)	(4, 0.42929978563749305)	(5, 0.4631018408024471)	(6, 0.48141242777034526)	(7, 0.4931541943013293)	(8, 0.4984366207360144)	(9, 0.5015841805287025)	(10, 0.5424647123218096)	(10000, 0.5464872767421173)	(20000, 0.546580770216024)	(30000, 0.5466079706066651)	(40000, 0.5466079706066651)	(50000, 0.5466079706066651)	(60000, 0.5466079706066651)	(70000, 0.5466079706066651)	(80000, 0.5466079706066651)	(90000, 0.5466079706066651)	(100000, 0.5466079706066651)	(110000, 0.5466079706066651)	(120000, 0.5466079706066651)	(130000, 0.5466079706066651)	(140000, 0.5466079706066651)	(150000, 0.5466079706066651)	(160000, 0.5466079706066651)	(170000, 0.5466079706066651)	(180000, 0.5466079706066651)	(190000, 0.5466079706066651)	(200000, 0.5466079706066651)	(210000, 0.5466079706066651)	(220000, 0.5466079706066651)	(230000, 0.5466079706066651)	(240000, 0.5466079706066651)	(250000, 0.5466079706066651)	(260000, 0.5466079706066651)	(270000, 0.5466079706066651)	(280000, 0.5466079706066651)	(290000, 0.5466079706066651)	(300000, 0.5466079706066651)	(310000, 0.5466079706066651)	(320000, 0.5466079706066651)	(330000, 0.5466079706066651)	(340000, 0.5466079706066651)	(350000, 0.5466079706066651)	(360000, 0.5466079706066651)	(370000, 0.5466079706066651)	(380000, 0.5466079706066651)	(390000, 0.5466079706066651)	(400000, 0.5466079706066651)	(410000, 0.5466079706066651)	(420000, 0.5466079706066651)	(430000, 0.5466079706066651)	(440000, 0.5466079706066651)	(450000, 0.5466079706066651)	(460000, 0.5466079706066651)	(470000, 0.5466079706066651)	(480000, 0.5466079706066651)	(490000, 0.5466079706066651)	(500000, 0.5466079706066651)	(510000, 0.5466079706066651)	(520000, 0.5466079706066651)	(530000, 0.5466079706066651)	(540000, 0.5466079706066651)	(550000, 0.5466079706066651)	(560000, 0.5466079706066651)	(570000, 0.5466079706066651)	(580000, 0.5466079706066651)	(590000, 0.5466079706066651)	(600000, 0.5466079706067547)			
FBA62655_pass_9d20541a_79aab80e_concatenated - rapid_adapter_(ra)_top_strand:	(1, 0.15652951699463327)	(2, 0.2828698300646153)	(3, 0.3686476769366525)	(4, 0.42929978563749305)	(5, 0.4631018408024471)	(6, 0.48141242777034526)	(7, 0.4931541943013293)	(8, 0.4984366207360144)	(9, 0.5015841805287025)	(10, 0.5424647123218096)	(10000, 0.5464872767421173)	(20000, 0.546580770216024)	(30000, 0.5466079706066651)	(40000, 0.5466079706066651)	(50000, 0.5466079706066651)	(60000, 0.5466079706066651)	(70000, 0.5466079706066651)	(80000, 0.5466079706066651)	(90000, 0.5466079706066651)	(100000, 0.5466079706066651)	(110000, 0.5466079706066651)	(120000, 0.5466079706066651)	(130000, 0.5466079706066651)	(140000, 0.5466079706066651)	(150000, 0.5466079706066651)	(160000, 0.5466079706066651)	(170000, 0.5466079706066651)	(180000, 0.5466079706066651)	(190000, 0.5466079706066651)	(200000, 0.5466079706066651)	(210000, 0.5466079706066651)	(220000, 0.5466079706066651)	(230000, 0.5466079706066651)	(240000, 0.5466079706066651)	(250000, 0.5466079706066651)	(260000, 0.5466079706066651)	(270000, 0.5466079706066651)	(280000, 0.5466079706066651)	(290000, 0.5466079706066651)	(300000, 0.5466079706066651)	(310000, 0.5466079706066651)	(320000, 0.5466079706066651)	(330000, 0.5466079706066651)	(340000, 0.5466079706066651)	(350000, 0.5466079706066651)	(360000, 0.5466079706066651)	(370000, 0.5466079706066651)	(380000, 0.5466079706066651)	(390000, 0.5466079706066651)	(400000, 0.5466079706066651)	(410000, 0.5466079706066651)	(420000, 0.5466079706066651)	(430000, 0.5466079706066651)	(440000, 0.5466079706066651)	(450000, 0.5466079706066651)	(460000, 0.5466079706066651)	(470000, 0.5466079706066651)	(480000, 0.5466079706066651)	(490000, 0.5466079706066651)	(500000, 0.5466079706066651)	(510000, 0.5466079706066651)	(520000, 0.5466079706066651)	(530000, 0.5466079706066651)	(540000, 0.5466079706066651)	(550000, 0.5466079706066651)	(560000, 0.5466079706066651)	(570000, 0.5466079706066651)	(580000, 0.5466079706066651)	(590000, 0.5466079706066651)	(600000, 0.5466079706067547)			
FBA62655_pass_9d20541a_79aab80e_concatenated - rapid_adapter_t_(rap_t):	(1, 0.15652951699463327)	(2, 0.2828698300646153)	(3, 0.3686476769366525)	(4, 0.42929978563749305)	(5, 0.4631018408024471)	(6, 0.48141242777034526)	(7, 0.4931541943013293)	(8, 0.4984366207360144)	(9, 0.5015841805287025)	(10, 0.5424647123218096)	(10000, 0.5464872767421173)	(20000, 0.546580770216024)	(30000, 0.5466079706066651)	(40000, 0.5466079706066651)	(50000, 0.5466079706066651)	(60000, 0.5466079706066651)	(70000, 0.5466079706066651)	(80000, 0.5466079706066651)	(90000, 0.5466079706066651)	(100000, 0.5466079706066651)	(110000, 0.5466079706066651)	(120000, 0.5466079706066651)	(130000, 0.5466079706066651)	(140000, 0.5466079706066651)	(150000, 0.5466079706066651)	(160000, 0.5466079706066651)	(170000, 0.5466079706066651)	(180000, 0.5466079706066651)	(190000, 0.5466079706066651)	(200000, 0.5466079706066651)	(210000, 0.5466079706066651)	(220000, 0.5466079706066651)	(230000, 0.5466079706066651)	(240000, 0.5466079706066651)	(250000, 0.5466079706066651)	(260000, 0.5466079706066651)	(270000, 0.5466079706066651)	(280000, 0.5466079706066651)	(290000, 0.5466079706066651)	(300000, 0.5466079706066651)	(310000, 0.5466079706066651)	(320000, 0.5466079706066651)	(330000, 0.5466079706066651)	(340000, 0.5466079706066651)	(350000, 0.5466079706066651)	(360000, 0.5466079706066651)	(370000, 0.5466079706066651)	(380000, 0.5466079706066651)	(390000, 0.5466079706066651)	(400000, 0.5466079706066651)	(410000, 0.5466079706066651)	(420000, 0.5466079706066651)	(430000, 0.5466079706066651)	(440000, 0.5466079706066651)	(450000, 0.5466079706066651)	(460000, 0.5466079706066651)	(470000, 0.5466079706066651)	(480000, 0.5466079706066651)	(490000, 0.5466079706066651)	(500000, 0.5466079706066651)	(510000, 0.5466079706066651)	(520000, 0.5466079706066651)	(530000, 0.5466079706066651)	(540000, 0.5466079706066651)	(550000, 0.5466079706066651)	(560000, 0.5466079706066651)	(570000, 0.5466079706066651)	(580000, 0.5466079706066651)	(590000, 0.5466079706066651)	(600000, 0.5466079706067547)			
FBA62655_pass_9d20541a_79aab80e_merged - polya	(1, 0.012692343033668035)	(2, 0.013496610315009377)	(3, 0.014396384336010003)	(4, 0.015828985430899264)	(5, 0.017543080074257998)	(6, 0.019423054844393384)	(7, 0.020674695800980844)	(8, 0.022112323566378492)	(9, 0.023720858129061172)	(10, 11.772870603454399)	(10000, 13.409929219955444)	(20000, 13.412386751125135)	(30000, 13.412482029656152)	(40000, 13.41249401072505)	(50000, 13.41249401072505)	(60000, 13.412495222654723)	(70000, 13.412503244214534)	(80000, 13.412504064064484)	(90000, 13.412504064064484)	(100000, 13.412504064064484)	(110000, 13.412504064064484)	(120000, 13.412504064064484)	(130000, 13.41250810550724)	(140000, 13.412534224087178)	(150000, 13.412534224087178)	(160000, 13.412534224087178)	(170000, 13.412534224087178)	(180000, 13.412534224087178)	(190000, 13.412534224087178)	(200000, 13.412534224087178)	(210000, 13.412534224087178)	(220000, 13.412534224087178)	(230000, 13.412534224087178)	(240000, 13.412534224087178)	(250000, 13.412555121967456)	(260000, 13.412564384110524)	(270000, 13.412564384110524)	(280000, 13.412564384110524)	(290000, 13.412564384110524)	(300000, 13.412564384110524)	(310000, 13.412564384110524)	(320000, 13.412564384110524)	(330000, 13.412564384110524)	(340000, 13.412564384110524)	(350000, 13.412564384110524)	(360000, 13.412564384110524)	(370000, 13.412564384110524)	(380000, 13.412564384110524)	(390000, 13.412564384110524)	(400000, 13.412564384110524)	(410000, 13.412564384110524)	(420000, 13.412564384110524)	(430000, 13.412564384110524)	(440000, 13.412564384110524)	(450000, 13.412564384110524)	(460000, 13.412564384110524)	(470000, 13.412564384110524)	(480000, 13.412564384110524)	(490000, 13.412564384110524)	(500000, 13.412564384110524)	(510000, 13.412564384110524)	(520000, 13.412564384110524)	(530000, 13.412564384110524)	(540000, 13.412564384110524)	(550000, 13.412564384110524)	(560000, 13.412564384110524)	(570000, 13.412564384110524)	(580000, 13.412564384110524)	(590000, 13.412564384110524)	(600000, 13.412564384110018)			
FBA62655_pass_9d20541a_79aab80e_merged - polyg	(1, 0.0011762408989617111)	(2, 0.001372281048788663)	(3, 0.0018397614060683173)	(4, 0.002010668203353352)	(5, 0.0021061749430126364)	(6, 0.0024882019016497733)	(7, 0.0027747221206276262)	(8, 0.0031416690677396127)	(9, 0.0035840160724773503)	(10, 7.101756495107542)	(10000, 8.55794471506787)	(20000, 8.558404483507042)	(30000, 8.558444394265678)	(40000, 8.558444394265678)	(50000, 8.558444394265678)	(60000, 8.558444394265678)	(70000, 8.558444394265678)	(80000, 8.558444394265678)	(90000, 8.558444394265678)	(100000, 8.558444394265678)	(110000, 8.558444394265678)	(120000, 8.558444394265678)	(130000, 8.558444394265678)	(140000, 8.558444394265678)	(150000, 8.558444394265678)	(160000, 8.558444394265678)	(170000, 8.558444394265678)	(180000, 8.558444394265678)	(190000, 8.558444394265678)	(200000, 8.558444394265678)	(210000, 8.558444394265678)	(220000, 8.558444394265678)	(230000, 8.558444394265678)	(240000, 8.558444394265678)	(250000, 8.558444394265678)	(260000, 8.558444394265678)	(270000, 8.558444394265678)	(280000, 8.558444394265678)	(290000, 8.558444394265678)	(300000, 8.558444394265678)	(310000, 8.558444394265678)	(320000, 8.558444394265678)	(330000, 8.558444394265678)	(340000, 8.558444394265678)	(350000, 8.558444394265678)	(360000, 8.558444394265678)	(370000, 8.558444394265678)	(380000, 8.558444394265678)	(390000, 8.558444394265678)	(400000, 8.558444394265678)	(410000, 8.558444394265678)	(420000, 8.558444394265678)	(430000, 8.558444394265678)	(440000, 8.558444394265678)	(450000, 8.558444394265678)	(460000, 8.558444394265678)	(470000, 8.558444394265678)	(480000, 8.558444394265678)	(490000, 8.558444394265678)	(500000, 8.558444394265678)	(510000, 8.558444394265678)	(520000, 8.558444394265678)	(530000, 8.558444394265678)	(540000, 8.558444394265678)	(550000, 8.558444394265678)	(560000, 8.558444394265678)	(570000, 8.558444394265678)	(580000, 8.558444394265678)	(590000, 8.558444394265678)	(600000, 8.558444394267712)			
chopper_filtered_dorado_trimmed_FAZ80247_pass_03069096_5394ef1c_concatenated - cdna_primer_(cprm)_forward_sequence:	(1, 0.0)	(2, 0.0)	(3, 0.0)	(4, 0.0)	(5, 1.1316157367916114e-05)	(6, 1.697423605187417e-05)	(7, 2.8290393419790284e-05)	(8, 3.394847210374834e-05)	(9, 5.658078683958057e-05)	(10, 0.2625133932810976)	(10000, 0.29846751617814454)	(20000, 0.30122278492442844)	(30000, 0.3020641610280182)	(40000, 0.30241862890724314)	(50000, 0.3025682335999185)	(60000, 0.3026212656397929)	(70000, 0.30263062014131026)	(80000, 0.3026336545688913)	(90000, 0.3026336545688913)	(100000, 0.3026336545688913)	(110000, 0.3026336545688913)	(120000, 0.3026336545688913)	(130000, 0.3026336545688913)	(140000, 0.3026336545688913)	(150000, 0.3026336545688913)	(160000, 0.3026336545688913)	(170000, 0.3026336545688913)	(180000, 0.3026336545688913)	(190000, 0.3026336545688913)	(200000, 0.3026336545688913)	(210000, 0.3026336545688913)	(220000, 0.3026336545688913)	(230000, 0.3026336545688913)	(240000, 0.3026336545688913)	(250000, 0.3026336545688913)	(260000, 0.3026336545688913)	(270000, 0.3026336545688913)	(280000, 0.3026336545688913)	(290000, 0.3026336545688913)	(300000, 0.3026336545688913)	(310000, 0.3026336545688913)	(320000, 0.3026336545688913)	(330000, 0.3026336545688913)	(340000, 0.3026336545688913)	(350000, 0.3026336545688913)	(360000, 0.3026336545688913)	(370000, 0.3026336545688913)	(380000, 0.3026336545688913)	(390000, 0.3026336545688913)	(400000, 0.3026336545688913)	(410000, 0.3026336545688913)	(420000, 0.3026336545688913)	(430000, 0.3026336545688913)	(440000, 0.3026336545688913)	(450000, 0.3026336545688913)	(460000, 0.3026336545688913)	(470000, 0.3026336545688493)																
chopper_filtered_dorado_trimmed_FAZ80247_pass_03069096_5394ef1c_concatenated - cdna_primer_(cprm)_reverse_sequence:	(1, 5.658078683958057e-06)	(2, 5.658078683958057e-06)	(3, 5.658078683958057e-06)	(4, 5.658078683958057e-06)	(5, 5.092270815562251e-05)	(6, 0.00012447773104707724)	(7, 0.00018105851788665782)	(8, 0.00022632314735832228)	(9, 0.00026592969814602865)	(10, 0.2870847321482979)	(10000, 0.3288478692015185)	(20000, 0.3319331165308576)	(30000, 0.3329985197334633)	(40000, 0.3333064295463653)	(50000, 0.33341163190083023)	(60000, 0.33347794854357726)	(70000, 0.3335017028553861)	(80000, 0.33350978994716246)	(90000, 0.3335148935342519)	(100000, 0.3335154480259633)	(110000, 0.3335154480259633)	(120000, 0.3335154480259633)	(130000, 0.3335154480259633)	(140000, 0.3335154480259633)	(150000, 0.3335154480259633)	(160000, 0.3335154480259633)	(170000, 0.3335154480259633)	(180000, 0.3335154480259633)	(190000, 0.3335154480259633)	(200000, 0.3335154480259633)	(210000, 0.3335154480259633)	(220000, 0.3335154480259633)	(230000, 0.3335154480259633)	(240000, 0.3335154480259633)	(250000, 0.3335154480259633)	(260000, 0.3335154480259633)	(270000, 0.3335154480259633)	(280000, 0.3335154480259633)	(290000, 0.3335154480259633)	(300000, 0.3335154480259633)	(310000, 0.3335154480259633)	(320000, 0.3335154480259633)	(330000, 0.3335154480259633)	(340000, 0.3335154480259633)	(350000, 0.3335154480259633)	(360000, 0.3335154480259633)	(370000, 0.3335154480259633)	(380000, 0.3335154480259633)	(390000, 0.3335154480259633)	(400000, 0.3335154480259633)	(410000, 0.3335154480259633)	(420000, 0.3335154480259633)	(430000, 0.3335154480259633)	(440000, 0.3335154480259633)	(450000, 0.3335154480259633)	(460000, 0.3335154480259633)	(470000, 0.333515448025955)																
chopper_filtered_dorado_trimmed_FAZ80247_pass_03069096_5394ef1c_concatenated - cdna_rt_adapter_(crta):	(1, 0.0)	(2, 0.0)	(3, 0.0)	(4, 0.0)	(5, 0.0)	(6, 0.0)	(7, 5.658078683958057e-06)	(8, 5.658078683958057e-06)	(9, 5.658078683958057e-06)	(10, 2.197315322474742)	(10000, 2.438210548876599)	(20000, 2.4398714427943182)	(30000, 2.440057023814509)	(40000, 2.4400885104563086)	(50000, 2.440103013243347)	(60000, 2.440103013243347)	(70000, 2.440103013243347)	(80000, 2.440103013243347)	(90000, 2.440103013243347)	(100000, 2.440103013243347)	(110000, 2.440103013243347)	(120000, 2.440103013243347)	(130000, 2.440103013243347)	(140000, 2.440103013243347)	(150000, 2.440103013243347)	(160000, 2.440103013243347)	(170000, 2.440103013243347)	(180000, 2.440103013243347)	(190000, 2.440103013243347)	(200000, 2.440103013243347)	(210000, 2.440103013243347)	(220000, 2.440103013243347)	(230000, 2.440103013243347)	(240000, 2.440103013243347)	(250000, 2.440103013243347)	(260000, 2.440103013243347)	(270000, 2.440103013243347)	(280000, 2.440103013243347)	(290000, 2.440103013243347)	(300000, 2.440103013243347)	(310000, 2.440103013243347)	(320000, 2.440103013243347)	(330000, 2.440103013243347)	(340000, 2.440103013243347)	(350000, 2.440103013243347)	(360000, 2.440103013243347)	(370000, 2.440103013243347)	(380000, 2.440103013243347)	(390000, 2.440103013243347)	(400000, 2.440103013243347)	(410000, 2.440103013243347)	(420000, 2.440103013243347)	(430000, 2.440103013243347)	(440000, 2.440103013243347)	(450000, 2.440103013243347)	(460000, 2.440103013243347)	(470000, 2.4401030132434305)																
chopper_filtered_dorado_trimmed_FAZ80247_pass_03069096_5394ef1c_concatenated - rt_primer_(rtp):	(1, 1.1316157367916114e-05)	(2, 5.658078683958057e-05)	(3, 9.618733762728696e-05)	(4, 0.0001697423605187417)	(5, 0.0002093489113064481)	(6, 0.00026592969814602865)	(7, 0.000695943678126841)	(8, 0.001799269021498662)	(9, 0.003564589570893576)	(10, 1.7176730843689765)	(10000, 1.9067409630864778)	(20000, 1.9077494612944694)	(30000, 1.9078413801775411)	(40000, 1.9078418933652836)	(50000, 1.9078418933652836)	(60000, 1.9078418933652836)	(70000, 1.9078418933652836)	(80000, 1.9078418933652836)	(90000, 1.9078418933652836)	(100000, 1.9078418933652836)	(110000, 1.9078418933652836)	(120000, 1.9078418933652836)	(130000, 1.9078418933652836)	(140000, 1.9078418933652836)	(150000, 1.9078418933652836)	(160000, 1.9078418933652836)	(170000, 1.9078418933652836)	(180000, 1.9078418933652836)	(190000, 1.9078418933652836)	(200000, 1.9078418933652836)	(210000, 1.9078418933652836)	(220000, 1.9078418933652836)	(230000, 1.9078418933652836)	(240000, 1.9078418933652836)	(250000, 1.9078418933652836)	(260000, 1.9078418933652836)	(270000, 1.9078418933652836)	(280000, 1.9078418933652836)	(290000, 1.9078418933652836)	(300000, 1.9078418933652836)	(310000, 1.9078418933652836)	(320000, 1.9078418933652836)	(330000, 1.9078418933652836)	(340000, 1.9078418933652836)	(350000, 1.9078418933652836)	(360000, 1.9078418933652836)	(370000, 1.9078418933652836)	(380000, 1.9078418933652836)	(390000, 1.9078418933652836)	(400000, 1.9078418933652836)	(410000, 1.9078418933652836)	(420000, 1.9078418933652836)	(430000, 1.9078418933652836)	(440000, 1.9078418933652836)	(450000, 1.9078418933652836)	(460000, 1.9078418933652836)	(470000, 1.907841893365432)																
chopper_filtered_dorado_trimmed_FAZ83542_pass_1344a466_45031b9d_concatenated - cdna_primer_(cprm)_forward_sequence:	(1, 0.0)	(2, 0.0)	(3, 1.1043710121162752e-05)	(4, 1.1043710121162752e-05)	(5, 3.313113036348826e-05)	(6, 3.865298542406964e-05)	(7, 4.417484048465101e-05)	(8, 5.521855060581376e-05)	(9, 6.074040566639514e-05)	(10, 0.1285183237610149)	(5000, 0.16016958831699157)	(10000, 0.16064243139205547)	(15000, 0.16095232783739274)	(20000, 0.16110356482127844)	(25000, 0.16119805701379797)	(30000, 0.16122441172364718)	(35000, 0.16124166531198234)	(40000, 0.16125396248319515)	(45000, 0.16126577704427061)	(50000, 0.16126577704427061)	(55000, 0.16126577704427061)	(60000, 0.16126577704427061)	(65000, 0.1612700874043487)	(70000, 0.16127129889934866)	(75000, 0.16127129889934866)	(80000, 0.16127129889934866)	(85000, 0.16127129889934866)	(90000, 0.16127129889934866)	(95000, 0.16127129889934866)	(100000, 0.16127129889934866)	(105000, 0.16127129889934866)	(110000, 0.16127129889934866)	(115000, 0.16127129889934866)	(120000, 0.16127129889934866)	(125000, 0.16127129889934866)	(130000, 0.16127129889934866)	(135000, 0.16127129889934866)	(140000, 0.16127129889934866)	(145000, 0.16127129889934866)	(150000, 0.16127129889934866)	(155000, 0.16127129889934866)	(160000, 0.16127129889934866)	(165000, 0.16127129889934866)	(170000, 0.16127129889934866)	(175000, 0.16127129889934866)	(180000, 0.16127129889934866)	(185000, 0.16127129889934866)	(190000, 0.16127129889934866)	(195000, 0.16127129889934866)	(200000, 0.16127129889934866)	(205000, 0.16127129889934866)	(210000, 0.16127129889934866)	(215000, 0.16127129889934866)	(220000, 0.16127129889934866)	(225000, 0.16127129889934866)	(230000, 0.16127129889934866)	(235000, 0.16127129889934866)	(240000, 0.16127129889934866)	(245000, 0.16127129889934866)	(250000, 0.16127129889934866)	(255000, 0.16127129889934866)	(260000, 0.16127129889934866)	(265000, 0.16127129889934866)	(270000, 0.16127129889934866)	(275000, 0.16127129889934866)	(280000, 0.16127129889934866)	(285000, 0.16127129889934866)	(290000, 0.16127129889934866)	(295000, 0.16127129889934866)	(300000, 0.16127129889934866)	(305000, 0.16127129889934866)	(310000, 0.16127129889934866)	(315000, 0.1612712988993484)
chopper_filtered_dorado_trimmed_FAZ83542_pass_1344a466_45031b9d_concatenated - cdna_primer_(cprm)_reverse_sequence:	(1, 0.0)	(2, 0.0)	(3, 5.521855060581376e-06)	(4, 2.760927530290688e-05)	(5, 6.074040566639514e-05)	(6, 6.074040566639514e-05)	(7, 9.939339109046477e-05)	(8, 0.0001656556518174413)	(9, 0.0002098304923020923)	(10, 0.1287454700825727)	(5000, 0.16198726373086372)	(10000, 0.1625908212632957)	(15000, 0.16286104428439577)	(20000, 0.16303145867090083)	(25000, 0.1631273931719721)	(30000, 0.16316708316178674)	(35000, 0.16317987288246982)	(40000, 0.16319640531654003)	(45000, 0.16320394817054884)	(50000, 0.16320394817054884)	(55000, 0.16320394817054884)	(60000, 0.16320394817054884)	(65000, 0.16320394817054884)	(70000, 0.16320394817054884)	(75000, 0.16320394817054884)	(80000, 0.16320394817054884)	(85000, 0.16320394817054884)	(90000, 0.16320394817054884)	(95000, 0.16320394817054884)	(100000, 0.16320394817054884)	(105000, 0.16320394817054884)	(110000, 0.16320394817054884)	(115000, 0.16320394817054884)	(120000, 0.16320394817054884)	(125000, 0.16320394817054884)	(130000, 0.16320394817054884)	(135000, 0.16320394817054884)	(140000, 0.16320394817054884)	(145000, 0.16320394817054884)	(150000, 0.16320394817054884)	(155000, 0.16320394817054884)	(160000, 0.16320394817054884)	(165000, 0.16320394817054884)	(170000, 0.16320394817054884)	(175000, 0.16320394817054884)	(180000, 0.16320394817054884)	(185000, 0.16320394817054884)	(190000, 0.16320394817054884)	(195000, 0.16320394817054884)	(200000, 0.16320394817054884)	(205000, 0.16320394817054884)	(210000, 0.16320394817054884)	(215000, 0.16320394817054884)	(220000, 0.16320394817054884)	(225000, 0.16320394817054884)	(230000, 0.16320394817054884)	(235000, 0.16320394817054884)	(240000, 0.16320394817054884)	(245000, 0.16320394817054884)	(250000, 0.16320394817054884)	(255000, 0.16320394817054884)	(260000, 0.16320394817054884)	(265000, 0.16320394817054884)	(270000, 0.16320394817054884)	(275000, 0.16320394817054884)	(280000, 0.16320394817054884)	(285000, 0.16320394817054884)	(290000, 0.16320394817054884)	(295000, 0.16320394817054884)	(300000, 0.16320394817054884)	(305000, 0.16320394817054884)	(310000, 0.16320394817054884)	(315000, 0.1632057269984396)
chopper_filtered_dorado_trimmed_FAZ83542_pass_1344a466_45031b9d_concatenated - cdna_rt_adapter_(crta):	(1, 0.0)	(2, 0.0)	(3, 0.0)	(4, 0.0)	(5, 0.0)	(6, 0.0)	(7, 5.521855060581376e-06)	(8, 5.521855060581376e-06)	(9, 5.521855060581376e-06)	(10, 1.3644710619950688)	(5000, 1.6958344395449578)	(10000, 1.6977009822717672)	(15000, 1.6981930347762124)	(20000, 1.6983951589676014)	(25000, 1.698490375627473)	(30000, 1.6985213576520768)	(35000, 1.6985267823221468)	(40000, 1.6985281384897422)	(45000, 1.6985281384897422)	(50000, 1.6985281384897422)	(55000, 1.6985281384897422)	(60000, 1.6985281384897422)	(65000, 1.6985281384897422)	(70000, 1.6985281384897422)	(75000, 1.6985281384897422)	(80000, 1.6985281384897422)	(85000, 1.6985281384897422)	(90000, 1.6985281384897422)	(95000, 1.6985281384897422)	(100000, 1.6985281384897422)	(105000, 1.6985281384897422)	(110000, 1.6985281384897422)	(115000, 1.6985281384897422)	(120000, 1.6985281384897422)	(125000, 1.6985281384897422)	(130000, 1.6985281384897422)	(135000, 1.6985281384897422)	(140000, 1.6985281384897422)	(145000, 1.6985281384897422)	(150000, 1.6985281384897422)	(155000, 1.6985281384897422)	(160000, 1.6985281384897422)	(165000, 1.6985281384897422)	(170000, 1.6985281384897422)	(175000, 1.6985281384897422)	(180000, 1.6985281384897422)	(185000, 1.6985281384897422)	(190000, 1.6985281384897422)	(195000, 1.6985281384897422)	(200000, 1.6985281384897422)	(205000, 1.6985281384897422)	(210000, 1.6985281384897422)	(215000, 1.6985281384897422)	(220000, 1.6985281384897422)	(225000, 1.6985281384897422)	(230000, 1.6985281384897422)	(235000, 1.6985281384897422)	(240000, 1.6985281384897422)	(245000, 1.6985281384897422)	(250000, 1.6985281384897422)	(255000, 1.6985281384897422)	(260000, 1.6985281384897422)	(265000, 1.6985281384897422)	(270000, 1.6985281384897422)	(275000, 1.6985281384897422)	(280000, 1.6985281384897422)	(285000, 1.6985281384897422)	(290000, 1.6985281384897422)	(295000, 1.6985281384897422)	(300000, 1.6985281384897422)	(305000, 1.6985281384897422)	(310000, 1.6985281384897422)	(315000, 1.6985281384897621)
chopper_filtered_dorado_trimmed_FAZ83542_pass_1344a466_45031b9d_concatenated - rt_primer_(rtp):	(1, 1.656556518174413e-05)	(2, 2.2087420242325504e-05)	(3, 3.865298542406964e-05)	(4, 7.178411578755789e-05)	(5, 9.38715360298834e-05)	(6, 0.00015461194169627855)	(7, 0.0004748795352099984)	(8, 0.0010546743165710428)	(9, 0.0022694824298989456)	(10, 0.7714625102452419)	(5000, 0.9409379334656174)	(10000, 0.9425532549789254)	(15000, 0.9429585768103498)	(20000, 0.9430399799976829)	(25000, 0.9430853817942616)	(30000, 0.943094191361895)	(35000, 0.943094191361895)	(40000, 0.943094191361895)	(45000, 0.943094191361895)	(50000, 0.9430972206514684)	(55000, 0.9430997132168226)	(60000, 0.9430997132168226)	(65000, 0.9430997132168226)	(70000, 0.9431010848456545)	(75000, 0.9431052350719444)	(80000, 0.9431052350719444)	(85000, 0.9431052350719444)	(90000, 0.9431052350719444)	(95000, 0.9431052350719444)	(100000, 0.9431089998728203)	(105000, 0.9431107569271073)	(110000, 0.9431107569271073)	(115000, 0.9431107569271073)	(120000, 0.9431107569271073)	(125000, 0.9431107569271073)	(130000, 0.9431107569271073)	(135000, 0.9431107569271073)	(140000, 0.9431107569271073)	(145000, 0.9431107569271073)	(150000, 0.9431107569271073)	(155000, 0.9431107569271073)	(160000, 0.9431107569271073)	(165000, 0.9431107569271073)	(170000, 0.9431107569271073)	(175000, 0.9431107569271073)	(180000, 0.9431107569271073)	(185000, 0.9431107569271073)	(190000, 0.9431107569271073)	(195000, 0.9431107569271073)	(200000, 0.9431107569271073)	(205000, 0.9431107569271073)	(210000, 0.9431107569271073)	(215000, 0.9431107569271073)	(220000, 0.9431107569271073)	(225000, 0.9431107569271073)	(230000, 0.9431107569271073)	(235000, 0.9431107569271073)	(240000, 0.9431107569271073)	(245000, 0.9431107569271073)	(250000, 0.9431107569271073)	(255000, 0.9431107569271073)	(260000, 0.9431107569271073)	(265000, 0.9431107569271073)	(270000, 0.9431107569271073)	(275000, 0.9431107569271073)	(280000, 0.9431107569271073)	(285000, 0.9431107569271073)	(290000, 0.9431107569271073)	(295000, 0.9431107569271073)	(300000, 0.9431107569271073)	(305000, 0.9431107569271073)	(310000, 0.9431107569271073)	(315000, 0.9431107569271052)
dorado_FBA62655_pass_9d20541a_79aab80e_concatenated - ligation_adapter_(la)_top_strand:	(1, 0.15652951699463327)	(2, 0.2828698300646153)	(3, 0.3686476769366525)	(4, 0.42929978563749305)	(5, 0.4631018408024471)	(6, 0.48141242777034526)	(7, 0.4931541943013293)	(8, 0.4984366207360144)	(9, 0.5015841805287025)	(10, 0.5424647123218096)	(10000, 0.5464872767421173)	(20000, 0.546580770216024)	(30000, 0.5466079706066651)	(40000, 0.5466079706066651)	(50000, 0.5466079706066651)	(60000, 0.5466079706066651)	(70000, 0.5466079706066651)	(80000, 0.5466079706066651)	(90000, 0.5466079706066651)	(100000, 0.5466079706066651)	(110000, 0.5466079706066651)	(120000, 0.5466079706066651)	(130000, 0.5466079706066651)	(140000, 0.5466079706066651)	(150000, 0.5466079706066651)	(160000, 0.5466079706066651)	(170000, 0.5466079706066651)	(180000, 0.5466079706066651)	(190000, 0.5466079706066651)	(200000, 0.5466079706066651)	(210000, 0.5466079706066651)	(220000, 0.5466079706066651)	(230000, 0.5466079706066651)	(240000, 0.5466079706066651)	(250000, 0.5466079706066651)	(260000, 0.5466079706066651)	(270000, 0.5466079706066651)	(280000, 0.5466079706066651)	(290000, 0.5466079706066651)	(300000, 0.5466079706066651)	(310000, 0.5466079706066651)	(320000, 0.5466079706066651)	(330000, 0.5466079706066651)	(340000, 0.5466079706066651)	(350000, 0.5466079706066651)	(360000, 0.5466079706066651)	(370000, 0.5466079706066651)	(380000, 0.5466079706066651)	(390000, 0.5466079706066651)	(400000, 0.5466079706066651)	(410000, 0.5466079706066651)	(420000, 0.5466079706066651)	(430000, 0.5466079706066651)	(440000, 0.5466079706066651)	(450000, 0.5466079706066651)	(460000, 0.5466079706066651)	(470000, 0.5466079706066651)	(480000, 0.5466079706066651)	(490000, 0.5466079706066651)	(500000, 0.5466079706066651)	(510000, 0.5466079706066651)	(520000, 0.5466079706066651)	(530000, 0.5466079706066651)	(540000, 0.5466079706066651)	(550000, 0.5466079706066651)	(560000, 0.5466079706066651)	(570000, 0.5466079706066651)	(580000, 0.5466079706066651)	(590000, 0.5466079706066651)	(600000, 0.5466079706067547)			
dorado_FBA62655_pass_9d20541a_79aab80e_concatenated - native_adapter_(na)_top_strand:	(1, 0.15652951699463327)	(2, 0.2828698300646153)	(3, 0.3686476769366525)	(4, 0.42929978563749305)	(5, 0.4631018408024471)	(6, 0.48141242777034526)	(7, 0.4931541943013293)	(8, 0.4984366207360144)	(9, 0.5015841805287025)	(10, 0.5424647123218096)	(10000, 0.5464872767421173)	(20000, 0.546580770216024)	(30000, 0.5466079706066651)	(40000, 0.5466079706066651)	(50000, 0.5466079706066651)	(60000, 0.5466079706066651)	(70000, 0.5466079706066651)	(80000, 0.5466079706066651)	(90000, 0.5466079706066651)	(100000, 0.5466079706066651)	(110000, 0.5466079706066651)	(120000, 0.5466079706066651)	(130000, 0.5466079706066651)	(140000, 0.5466079706066651)	(150000, 0.5466079706066651)	(160000, 0.5466079706066651)	(170000, 0.5466079706066651)	(180000, 0.5466079706066651)	(190000, 0.5466079706066651)	(200000, 0.5466079706066651)	(210000, 0.5466079706066651)	(220000, 0.5466079706066651)	(230000, 0.5466079706066651)	(240000, 0.5466079706066651)	(250000, 0.5466079706066651)	(260000, 0.5466079706066651)	(270000, 0.5466079706066651)	(280000, 0.5466079706066651)	(290000, 0.5466079706066651)	(300000, 0.5466079706066651)	(310000, 0.5466079706066651)	(320000, 0.5466079706066651)	(330000, 0.5466079706066651)	(340000, 0.5466079706066651)	(350000, 0.5466079706066651)	(360000, 0.5466079706066651)	(370000, 0.5466079706066651)	(380000, 0.5466079706066651)	(390000, 0.5466079706066651)	(400000, 0.5466079706066651)	(410000, 0.5466079706066651)	(420000, 0.5466079706066651)	(430000, 0.5466079706066651)	(440000, 0.5466079706066651)	(450000, 0.5466079706066651)	(460000, 0.5466079706066651)	(470000, 0.5466079706066651)	(480000, 0.5466079706066651)	(490000, 0.5466079706066651)	(500000, 0.5466079706066651)	(510000, 0.5466079706066651)	(520000, 0.5466079706066651)	(530000, 0.5466079706066651)	(540000, 0.5466079706066651)	(550000, 0.5466079706066651)	(560000, 0.5466079706066651)	(570000, 0.5466079706066651)	(580000, 0.5466079706066651)	(590000, 0.5466079706066651)	(600000, 0.5466079706067547)			
dorado_FBA62655_pass_9d20541a_79aab80e_concatenated - rapid_adapter_(ra)_top_strand:	(1, 0.15652951699463327)	(2, 0.2828698300646153)	(3, 0.3686476769366525)	(4, 0.42929978563749305)	(5, 0.4631018408024471)	(6, 0.48141242777034526)	(7, 0.4931541943013293)	(8, 0.4984366207360144)	(9, 0.5015841805287025)	(10, 0.5424647123218096)	(10000, 0.5464872767421173)	(20000, 0.546580770216024)	(30000, 0.5466079706066651)	(40000, 0.5466079706066651)	(50000, 0.5466079706066651)	(60000, 0.5466079706066651)	(70000, 0.5466079706066651)	(80000, 0.5466079706066651)	(90000, 0.5466079706066651)	(100000, 0.5466079706066651)	(110000, 0.5466079706066651)	(120000, 0.5466079706066651)	(130000, 0.5466079706066651)	(140000, 0.5466079706066651)	(150000, 0.5466079706066651)	(160000, 0.5466079706066651)	(170000, 0.5466079706066651)	(180000, 0.5466079706066651)	(190000, 0.5466079706066651)	(200000, 0.5466079706066651)	(210000, 0.5466079706066651)	(220000, 0.5466079706066651)	(230000, 0.5466079706066651)	(240000, 0.5466079706066651)	(250000, 0.5466079706066651)	(260000, 0.5466079706066651)	(270000, 0.5466079706066651)	(280000, 0.5466079706066651)	(290000, 0.5466079706066651)	(300000, 0.5466079706066651)	(310000, 0.5466079706066651)	(320000, 0.5466079706066651)	(330000, 0.5466079706066651)	(340000, 0.5466079706066651)	(350000, 0.5466079706066651)	(360000, 0.5466079706066651)	(370000, 0.5466079706066651)	(380000, 0.5466079706066651)	(390000, 0.5466079706066651)	(400000, 0.5466079706066651)	(410000, 0.5466079706066651)	(420000, 0.5466079706066651)	(430000, 0.5466079706066651)	(440000, 0.5466079706066651)	(450000, 0.5466079706066651)	(460000, 0.5466079706066651)	(470000, 0.5466079706066651)	(480000, 0.5466079706066651)	(490000, 0.5466079706066651)	(500000, 0.5466079706066651)	(510000, 0.5466079706066651)	(520000, 0.5466079706066651)	(530000, 0.5466079706066651)	(540000, 0.5466079706066651)	(550000, 0.5466079706066651)	(560000, 0.5466079706066651)	(570000, 0.5466079706066651)	(580000, 0.5466079706066651)	(590000, 0.5466079706066651)	(600000, 0.5466079706067547)			
dorado_FBA62655_pass_9d20541a_79aab80e_concatenated - rapid_adapter_t_(rap_t):	(1, 0.15652951699463327)	(2, 0.2828698300646153)	(3, 0.3686476769366525)	(4, 0.42929978563749305)	(5, 0.4631018408024471)	(6, 0.48141242777034526)	(7, 0.4931541943013293)	(8, 0.4984366207360144)	(9, 0.5015841805287025)	(10, 0.5424647123218096)	(10000, 0.5464872767421173)	(20000, 0.546580770216024)	(30000, 0.5466079706066651)	(40000, 0.5466079706066651)	(50000, 0.5466079706066651)	(60000, 0.5466079706066651)	(70000, 0.5466079706066651)	(80000, 0.5466079706066651)	(90000, 0.5466079706066651)	(100000, 0.5466079706066651)	(110000, 0.5466079706066651)	(120000, 0.5466079706066651)	(130000, 0.5466079706066651)	(140000, 0.5466079706066651)	(150000, 0.5466079706066651)	(160000, 0.5466079706066651)	(170000, 0.5466079706066651)	(180000, 0.5466079706066651)	(190000, 0.5466079706066651)	(200000, 0.5466079706066651)	(210000, 0.5466079706066651)	(220000, 0.5466079706066651)	(230000, 0.5466079706066651)	(240000, 0.5466079706066651)	(250000, 0.5466079706066651)	(260000, 0.5466079706066651)	(270000, 0.5466079706066651)	(280000, 0.5466079706066651)	(290000, 0.5466079706066651)	(300000, 0.5466079706066651)	(310000, 0.5466079706066651)	(320000, 0.5466079706066651)	(330000, 0.5466079706066651)	(340000, 0.5466079706066651)	(350000, 0.5466079706066651)	(360000, 0.5466079706066651)	(370000, 0.5466079706066651)	(380000, 0.5466079706066651)	(390000, 0.5466079706066651)	(400000, 0.5466079706066651)	(410000, 0.5466079706066651)	(420000, 0.5466079706066651)	(430000, 0.5466079706066651)	(440000, 0.5466079706066651)	(450000, 0.5466079706066651)	(460000, 0.5466079706066651)	(470000, 0.5466079706066651)	(480000, 0.5466079706066651)	(490000, 0.5466079706066651)	(500000, 0.5466079706066651)	(510000, 0.5466079706066651)	(520000, 0.5466079706066651)	(530000, 0.5466079706066651)	(540000, 0.5466079706066651)	(550000, 0.5466079706066651)	(560000, 0.5466079706066651)	(570000, 0.5466079706066651)	(580000, 0.5466079706066651)	(590000, 0.5466079706066651)	(600000, 0.5466079706067547)			
dorado_trimmed_FAZ80247_pass_03069096_5394ef1c_concatenated - cdna_primer_(cprm)_forward_sequence:	(1, 0.0)	(2, 0.0)	(3, 0.0)	(4, 0.0)	(5, 1.1128970016607205e-05)	(6, 1.6693455024910808e-05)	(7, 2.7822425041518013e-05)	(8, 3.3386910049821615e-05)	(9, 5.5644850083036025e-05)	(10, 0.2620486673607478)	(10000, 0.29749229917008346)	(20000, 0.3002019913622517)	(30000, 0.3010294497586657)	(40000, 0.3013780541719422)	(50000, 0.3015251841635509)	(60000, 0.3015773389686549)	(70000, 0.30158653873173646)	(80000, 0.301589522965059)	(90000, 0.301589522965059)	(100000, 0.301589522965059)	(110000, 0.301589522965059)	(120000, 0.301589522965059)	(130000, 0.301589522965059)	(140000, 0.301589522965059)	(150000, 0.301589522965059)	(160000, 0.301589522965059)	(170000, 0.301589522965059)	(180000, 0.301589522965059)	(190000, 0.301589522965059)	(200000, 0.301589522965059)	(210000, 0.301589522965059)	(220000, 0.301589522965059)	(230000, 0.301589522965059)	(240000, 0.301589522965059)	(250000, 0.301589522965059)	(260000, 0.301589522965059)	(270000, 0.301589522965059)	(280000, 0.301589522965059)	(290000, 0.301589522965059)	(300000, 0.301589522965059)	(310000, 0.301589522965059)	(320000, 0.301589522965059)	(330000, 0.301589522965059)	(340000, 0.301589522965059)	(350000, 0.301589522965059)	(360000, 0.301589522965059)	(370000, 0.301589522965059)	(380000, 0.301589522965059)	(390000, 0.301589522965059)	(400000, 0.301589522965059)	(410000, 0.301589522965059)	(420000, 0.301589522965059)	(430000, 0.301589522965059)	(440000, 0.301589522965059)	(450000, 0.301589522965059)	(460000, 0.301589522965059)	(470000, 0.30158952296505875)																
dorado_trimmed_FAZ80247_pass_03069096_5394ef1c_concatenated - cdna_primer_(cprm)_reverse_sequence:	(1, 5.5644850083036025e-06)	(2, 5.5644850083036025e-06)	(3, 5.5644850083036025e-06)	(4, 5.5644850083036025e-06)	(5, 5.008036507473242e-05)	(6, 0.00012241867018267927)	(7, 0.00017806352026571528)	(8, 0.0002225794003321441)	(9, 0.0002615307953902693)	(10, 0.285795903094549)	(10000, 0.3269926612789451)	(20000, 0.330031504444775)	(30000, 0.3310792841735384)	(40000, 0.33138210066546114)	(50000, 0.3314855628045773)	(60000, 0.33155078246392916)	(70000, 0.33157414384132655)	(80000, 0.33158209715976183)	(90000, 0.3315871163252614)	(100000, 0.3315876616447916)	(110000, 0.3315876616447916)	(120000, 0.3315876616447916)	(130000, 0.3315876616447916)	(140000, 0.3315876616447916)	(150000, 0.3315876616447916)	(160000, 0.3315876616447916)	(170000, 0.3315876616447916)	(180000, 0.3315876616447916)	(190000, 0.3315876616447916)	(200000, 0.3315876616447916)	(210000, 0.3315876616447916)	(220000, 0.3315876616447916)	(230000, 0.3315876616447916)	(240000, 0.3315876616447916)	(250000, 0.3315876616447916)	(260000, 0.3315876616447916)	(270000, 0.3315876616447916)	(280000, 0.3315876616447916)	(290000, 0.3315876616447916)	(300000, 0.3315876616447916)	(310000, 0.3315876616447916)	(320000, 0.3315876616447916)	(330000, 0.3315876616447916)	(340000, 0.3315876616447916)	(350000, 0.3315876616447916)	(360000, 0.3315876616447916)	(370000, 0.3315876616447916)	(380000, 0.3315876616447916)	(390000, 0.3315876616447916)	(400000, 0.3315876616447916)	(410000, 0.3315876616447916)	(420000, 0.3315876616447916)	(430000, 0.3315876616447916)	(440000, 0.3315876616447916)	(450000, 0.3315876616447916)	(460000, 0.3315876616447916)	(470000, 0.3315876616447922)																
dorado_trimmed_FAZ80247_pass_03069096_5394ef1c_concatenated - cdna_rt_adapter_(crta):	(1, 0.0)	(2, 0.0)	(3, 0.0)	(4, 0.0)	(5, 0.0)	(6, 0.0)	(7, 5.5644850083036025e-06)	(8, 5.5644850083036025e-06)	(9, 5.5644850083036025e-06)	(10, 2.168797414503653)	(10000, 2.4063758002771283)	(20000, 2.408020017121612)	(30000, 2.408202673567641)	(40000, 2.4082336393703603)	(50000, 2.4082479022583905)	(60000, 2.4082479022583905)	(70000, 2.4082479022583905)	(80000, 2.4082479022583905)	(90000, 2.4082479022583905)	(100000, 2.4082479022583905)	(110000, 2.4082479022583905)	(120000, 2.4082479022583905)	(130000, 2.4082479022583905)	(140000, 2.4082479022583905)	(150000, 2.4082479022583905)	(160000, 2.4082479022583905)	(170000, 2.4082479022583905)	(180000, 2.4082479022583905)	(190000, 2.4082479022583905)	(200000, 2.4082479022583905)	(210000, 2.4082479022583905)	(220000, 2.4082479022583905)	(230000, 2.4082479022583905)	(240000, 2.4082479022583905)	(250000, 2.4082479022583905)	(260000, 2.4082479022583905)	(270000, 2.4082479022583905)	(280000, 2.4082479022583905)	(290000, 2.4082479022583905)	(300000, 2.4082479022583905)	(310000, 2.4082479022583905)	(320000, 2.4082479022583905)	(330000, 2.4082479022583905)	(340000, 2.4082479022583905)	(350000, 2.4082479022583905)	(360000, 2.4082479022583905)	(370000, 2.4082479022583905)	(380000, 2.4082479022583905)	(390000, 2.4082479022583905)	(400000, 2.4082479022583905)	(410000, 2.4082479022583905)	(420000, 2.4082479022583905)	(430000, 2.4082479022583905)	(440000, 2.4082479022583905)	(450000, 2.4082479022583905)	(460000, 2.4082479022583905)	(470000, 2.4082479022584597)																
dorado_trimmed_FAZ80247_pass_03069096_5394ef1c_concatenated - rt_primer_(rtp):	(1, 1.1128970016607205e-05)	(2, 5.5644850083036025e-05)	(3, 9.459624514116125e-05)	(4, 0.0001669345502491081)	(5, 0.00020588594530723331)	(6, 0.0002615307953902693)	(7, 0.0007011251110462539)	(8, 0.0018028931426903672)	(9, 0.0035612704053143056)	(10, 1.7302461417887856)	(10000, 1.9171444520830832)	(20000, 1.9181428848461055)	(30000, 1.918233283243997)	(40000, 1.9182337879427886)	(50000, 1.9182337879427886)	(60000, 1.9182337879427886)	(70000, 1.9182337879427886)	(80000, 1.9182337879427886)	(90000, 1.9182337879427886)	(100000, 1.9182337879427886)	(110000, 1.9182337879427886)	(120000, 1.9182337879427886)	(130000, 1.9182337879427886)	(140000, 1.9182337879427886)	(150000, 1.9182337879427886)	(160000, 1.9182337879427886)	(170000, 1.9182337879427886)	(180000, 1.9182337879427886)	(190000, 1.9182337879427886)	(200000, 1.9182337879427886)	(210000, 1.9182337879427886)	(220000, 1.9182337879427886)	(230000, 1.9182337879427886)	(240000, 1.9182337879427886)	(250000, 1.9182337879427886)	(260000, 1.9182337879427886)	(270000, 1.9182337879427886)	(280000, 1.9182337879427886)	(290000, 1.9182337879427886)	(300000, 1.9182337879427886)	(310000, 1.9182337879427886)	(320000, 1.9182337879427886)	(330000, 1.9182337879427886)	(340000, 1.9182337879427886)	(350000, 1.9182337879427886)	(360000, 1.9182337879427886)	(370000, 1.9182337879427886)	(380000, 1.9182337879427886)	(390000, 1.9182337879427886)	(400000, 1.9182337879427886)	(410000, 1.9182337879427886)	(420000, 1.9182337879427886)	(430000, 1.9182337879427886)	(440000, 1.9182337879427886)	(450000, 1.9182337879427886)	(460000, 1.9182337879427886)	(470000, 1.9182337879427618)																
dorado_trimmed_FAZ83542_pass_1344a466_45031b9d_concatenated - cdna_primer_(cprm)_forward_sequence:	(1, 0.0)	(2, 0.0)	(3, 1.074814332541643e-05)	(4, 1.074814332541643e-05)	(5, 3.224442997624929e-05)	(6, 3.76185016389575e-05)	(7, 4.299257330166572e-05)	(8, 5.374071662708215e-05)	(9, 6.448885995249858e-05)	(10, 0.12960646582713806)	(5000, 0.16053036283313182)	(10000, 0.16099167206984286)	(15000, 0.1612932746448783)	(20000, 0.1614404640188357)	(25000, 0.16153242728276146)	(30000, 0.1615580766519857)	(35000, 0.16157486847633235)	(40000, 0.1615868365339164)	(45000, 0.16159833489765382)	(50000, 0.16159833489765382)	(55000, 0.16159833489765382)	(60000, 0.16159833489765382)	(65000, 0.16160252989799206)	(70000, 0.16160370896931478)	(75000, 0.16160370896931478)	(80000, 0.16160370896931478)	(85000, 0.16160370896931478)	(90000, 0.16160370896931478)	(95000, 0.16160370896931478)	(100000, 0.16160370896931478)	(105000, 0.16160370896931478)	(110000, 0.16160370896931478)	(115000, 0.16160370896931478)	(120000, 0.16160370896931478)	(125000, 0.16160370896931478)	(130000, 0.16160370896931478)	(135000, 0.16160370896931478)	(140000, 0.16160370896931478)	(145000, 0.16160370896931478)	(150000, 0.16160370896931478)	(155000, 0.16160370896931478)	(160000, 0.16160370896931478)	(165000, 0.16160370896931478)	(170000, 0.16160370896931478)	(175000, 0.16160370896931478)	(180000, 0.16160370896931478)	(185000, 0.16160370896931478)	(190000, 0.16160370896931478)	(195000, 0.16160370896931478)	(200000, 0.16160370896931478)	(205000, 0.16160370896931478)	(210000, 0.16160370896931478)	(215000, 0.16160370896931478)	(220000, 0.16160370896931478)	(225000, 0.16160370896931478)	(230000, 0.16160370896931478)	(235000, 0.16160370896931478)	(240000, 0.16160370896931478)	(245000, 0.16160370896931478)	(250000, 0.16160370896931478)	(255000, 0.16160370896931478)	(260000, 0.16160370896931478)	(265000, 0.16160370896931478)	(270000, 0.16160370896931478)	(275000, 0.16160370896931478)	(280000, 0.16160370896931478)	(285000, 0.16160370896931478)	(290000, 0.16160370896931478)	(295000, 0.16160370896931478)	(300000, 0.16160370896931478)	(305000, 0.16160370896931478)	(310000, 0.16160370896931478)	(315000, 0.16160370896931378)
dorado_trimmed_FAZ83542_pass_1344a466_45031b9d_concatenated - cdna_primer_(cprm)_reverse_sequence:	(1, 0.0)	(2, 0.0)	(3, 5.374071662708215e-06)	(4, 2.6870358313541075e-05)	(5, 5.911478828979037e-05)	(6, 5.911478828979037e-05)	(7, 9.673328992874788e-05)	(8, 0.00016122214988124645)	(9, 0.00020421472318291216)	(10, 0.12779194660865972)	(5000, 0.16027349618024156)	(10000, 0.1608618914636365)	(15000, 0.16112488240859402)	(20000, 0.1612907359334291)	(25000, 0.16138410290487348)	(30000, 0.1614227306571494)	(35000, 0.16143517808195598)	(40000, 0.161451268052517)	(45000, 0.16145860903441134)	(50000, 0.16145860903441134)	(55000, 0.16145860903441134)	(60000, 0.16145860903441134)	(65000, 0.16145860903441134)	(70000, 0.16145860903441134)	(75000, 0.16145860903441134)	(80000, 0.16145860903441134)	(85000, 0.16145860903441134)	(90000, 0.16145860903441134)	(95000, 0.16145860903441134)	(100000, 0.16145860903441134)	(105000, 0.16145860903441134)	(110000, 0.16145860903441134)	(115000, 0.16145860903441134)	(120000, 0.16145860903441134)	(125000, 0.16145860903441134)	(130000, 0.16145860903441134)	(135000, 0.16145860903441134)	(140000, 0.16145860903441134)	(145000, 0.16145860903441134)	(150000, 0.16145860903441134)	(155000, 0.16145860903441134)	(160000, 0.16145860903441134)	(165000, 0.16145860903441134)	(170000, 0.16145860903441134)	(175000, 0.16145860903441134)	(180000, 0.16145860903441134)	(185000, 0.16145860903441134)	(190000, 0.16145860903441134)	(195000, 0.16145860903441134)	(200000, 0.16145860903441134)	(205000, 0.16145860903441134)	(210000, 0.16145860903441134)	(215000, 0.16145860903441134)	(220000, 0.16145860903441134)	(225000, 0.16145860903441134)	(230000, 0.16145860903441134)	(235000, 0.16145860903441134)	(240000, 0.16145860903441134)	(245000, 0.16145860903441134)	(250000, 0.16145860903441134)	(255000, 0.16145860903441134)	(260000, 0.16145860903441134)	(265000, 0.16145860903441134)	(270000, 0.16145860903441134)	(275000, 0.16145860903441134)	(280000, 0.16145860903441134)	(285000, 0.16145860903441134)	(290000, 0.16145860903441134)	(295000, 0.16145860903441134)	(300000, 0.16145860903441134)	(305000, 0.16145860903441134)	(310000, 0.16145860903441134)	(315000, 0.16146034025490874)
dorado_trimmed_FAZ83542_pass_1344a466_45031b9d_concatenated - cdna_rt_adapter_(crta):	(1, 0.0)	(2, 0.0)	(3, 0.0)	(4, 0.0)	(5, 0.0)	(6, 0.0)	(7, 5.374071662708215e-06)	(8, 5.374071662708215e-06)	(9, 5.374071662708215e-06)	(10, 1.3334957448151752)	(5000, 1.6568889993559088)	(10000, 1.6587140222695895)	(15000, 1.6591979423754686)	(20000, 1.6593946570442)	(25000, 1.6594873253863702)	(30000, 1.6595174782278126)	(35000, 1.6595227577157292)	(40000, 1.6595240775877305)	(45000, 1.6595240775877305)	(50000, 1.6595240775877305)	(55000, 1.6595240775877305)	(60000, 1.6595240775877305)	(65000, 1.6595240775877305)	(70000, 1.6595240775877305)	(75000, 1.6595240775877305)	(80000, 1.6595240775877305)	(85000, 1.6595240775877305)	(90000, 1.6595240775877305)	(95000, 1.6595240775877305)	(100000, 1.6595240775877305)	(105000, 1.6595240775877305)	(110000, 1.6595240775877305)	(115000, 1.6595240775877305)	(120000, 1.6595240775877305)	(125000, 1.6595240775877305)	(130000, 1.6595240775877305)	(135000, 1.6595240775877305)	(140000, 1.6595240775877305)	(145000, 1.6595240775877305)	(150000, 1.6595240775877305)	(155000, 1.6595240775877305)	(160000, 1.6595240775877305)	(165000, 1.6595240775877305)	(170000, 1.6595240775877305)	(175000, 1.6595240775877305)	(180000, 1.6595240775877305)	(185000, 1.6595240775877305)	(190000, 1.6595240775877305)	(195000, 1.6595240775877305)	(200000, 1.6595240775877305)	(205000, 1.6595240775877305)	(210000, 1.6595240775877305)	(215000, 1.6595240775877305)	(220000, 1.6595240775877305)	(225000, 1.6595240775877305)	(230000, 1.6595240775877305)	(235000, 1.6595240775877305)	(240000, 1.6595240775877305)	(245000, 1.6595240775877305)	(250000, 1.6595240775877305)	(255000, 1.6595240775877305)	(260000, 1.6595240775877305)	(265000, 1.6595240775877305)	(270000, 1.6595240775877305)	(275000, 1.6595240775877305)	(280000, 1.6595240775877305)	(285000, 1.6595240775877305)	(290000, 1.6595240775877305)	(295000, 1.6595240775877305)	(300000, 1.6595240775877305)	(305000, 1.6595240775877305)	(310000, 1.6595240775877305)	(315000, 1.6595240775877256)
dorado_trimmed_FAZ83542_pass_1344a466_45031b9d_concatenated - rt_primer_(rtp):	(1, 1.6122214988124646e-05)	(2, 2.149628665083286e-05)	(3, 3.76185016389575e-05)	(4, 6.98629316152068e-05)	(5, 9.135921826603966e-05)	(6, 0.00015584807821853824)	(7, 0.00046754423465561473)	(8, 0.0010425699025653937)	(9, 0.002230239740023909)	(10, 0.7895020043098334)	(5000, 0.9558091076004648)	(10000, 0.9574079283141796)	(15000, 0.9578124110423735)	(20000, 0.9578916356067956)	(25000, 0.9579358222987725)	(30000, 0.957949286497877)	(35000, 0.9579497701643278)	(40000, 0.9579497701643278)	(45000, 0.9579497701643278)	(50000, 0.957952718380085)	(55000, 0.957955144236076)	(60000, 0.957955144236076)	(65000, 0.957955144236076)	(70000, 0.9579564791555453)	(75000, 0.9579605183077161)	(80000, 0.9579605183077161)	(85000, 0.9579605183077161)	(90000, 0.9579605183077161)	(95000, 0.9579605183077161)	(100000, 0.9579641823498203)	(105000, 0.9579658923794279)	(110000, 0.9579658923794279)	(115000, 0.9579658923794279)	(120000, 0.9579658923794279)	(125000, 0.9579658923794279)	(130000, 0.9579658923794279)	(135000, 0.9579658923794279)	(140000, 0.9579658923794279)	(145000, 0.9579658923794279)	(150000, 0.9579658923794279)	(155000, 0.9579658923794279)	(160000, 0.9579658923794279)	(165000, 0.9579658923794279)	(170000, 0.9579658923794279)	(175000, 0.9579658923794279)	(180000, 0.9579658923794279)	(185000, 0.9579658923794279)	(190000, 0.9579658923794279)	(195000, 0.9579658923794279)	(200000, 0.9579658923794279)	(205000, 0.9579658923794279)	(210000, 0.9579658923794279)	(215000, 0.9579658923794279)	(220000, 0.9579658923794279)	(225000, 0.9579658923794279)	(230000, 0.9579658923794279)	(235000, 0.9579658923794279)	(240000, 0.9579658923794279)	(245000, 0.9579658923794279)	(250000, 0.9579658923794279)	(255000, 0.9579658923794279)	(260000, 0.9579658923794279)	(265000, 0.9579658923794279)	(270000, 0.9579658923794279)	(275000, 0.9579658923794279)	(280000, 0.9579658923794279)	(285000, 0.9579658923794279)	(290000, 0.9579658923794279)	(295000, 0.9579658923794279)	(300000, 0.9579658923794279)	(305000, 0.9579658923794279)	(310000, 0.9579658923794279)	(315000, 0.9579658923794272)
dorado_trimmed_FBA43334_fail_6846ed3b_6b29293f_concatenated - polya	(1, 0.03702296784728167)	(2, 0.04195558377793023)	(3, 0.04598105195121813)	(4, 0.05119715155604189)	(5, 0.0563565544260306)	(6, 0.061289170356679155)	(7, 0.0669021471053482)	(8, 0.07302539446753262)	(9, 0.07846828101169653)	(10, 5.188384992259649)	(10000, 6.33009796061843)	(20000, 6.346887763144234)	(30000, 6.349784013788448)	(40000, 6.350550791770694)	(50000, 6.350829257781659)	(60000, 6.350998146016001)	(70000, 6.350998888743237)	(80000, 6.3510548427512115)	(90000, 6.351094326357852)	(100000, 6.351147609949874)	(110000, 6.351201840377103)	(120000, 6.351326663908857)	(130000, 6.35133832642717)	(140000, 6.35133832642717)	(150000, 6.35133832642717)	(160000, 6.35133832642717)	(170000, 6.3513422725194575)	(180000, 6.3513950231590925)	(190000, 6.3513950231590925)	(200000, 6.3513950231590925)	(210000, 6.3513965312922585)	(220000, 6.351451719894317)	(230000, 6.351451719894317)	(240000, 6.351451719894317)	(250000, 6.351451719894317)	(260000, 6.351451719894317)	(270000, 6.351451719894317)	(280000, 6.351451719894317)	(290000, 6.351451719894317)	(300000, 6.351451719894317)	(310000, 6.351451719894317)	(320000, 6.351451719894317)	(330000, 6.351451719894317)	(340000, 6.351451719894317)	(350000, 6.351451719894317)	(360000, 6.351451719895437)																											
dorado_trimmed_FBA43334_fail_6846ed3b_6b29293f_concatenated - polyg	(1, 0.004422345317133186)	(2, 0.005216099604823758)	(3, 0.006066550627349371)	(4, 0.006633517975699779)	(5, 0.00867460042976125)	(6, 0.010035322065802231)	(7, 0.010375502474812476)	(8, 0.010885773088327843)	(9, 0.011225953497338088)	(10, 2.162842880527148)	(10000, 2.6524105637356197)	(20000, 2.668990565663452)	(30000, 2.674368182926283)	(40000, 2.676851539599732)	(50000, 2.678111913684697)	(60000, 2.67853930501145)	(70000, 2.6789529587188348)	(80000, 2.6793116562815946)	(90000, 2.6795107468658874)	(100000, 2.6795443850387572)	(110000, 2.6795496861835315)	(120000, 2.6796370785310417)	(130000, 2.6796577785089606)	(140000, 2.6796577785089606)	(150000, 2.6796577785089606)	(160000, 2.6796577785089606)	(170000, 2.6796577785089606)	(180000, 2.6796577785089606)	(190000, 2.6796577785089606)	(200000, 2.6796577785089606)	(210000, 2.6796577785089606)	(220000, 2.6796577785089606)	(230000, 2.6796577785089606)	(240000, 2.6796577785089606)	(250000, 2.6796577785089606)	(260000, 2.6796577785089606)	(270000, 2.6796577785089606)	(280000, 2.6796577785089606)	(290000, 2.6796577785089606)	(300000, 2.6796577785089606)	(310000, 2.6796577785089606)	(320000, 2.6796577785089606)	(330000, 2.6796577785089606)	(340000, 2.6796577785089606)	(350000, 2.6796577785089606)	(360000, 2.6796577785085054)																											
restranded_dorado_trimmed_FBA43334_fail_6846ed3b_6b29293f_concatenated - polya	(1, 3.972361098928944)	(2, 4.10880137219932)	(3, 4.183843522498027)	(4, 4.299817754777846)	(5, 4.42456314748219)	(6, 4.569774581177089)	(7, 4.688672533598417)	(8, 4.821214513346782)	(9, 4.94011246576811)	(10, 60.522746122794736)	(5000, 84.85637595142708)	(10000, 85.54944790417935)	(15000, 85.65249578497112)	(20000, 85.68643335380084)	(25000, 85.7077160872743)	(30000, 85.7145757194858)	(35000, 85.7192694597864)	(40000, 85.72055082886396)	(45000, 85.72152423277099)	(50000, 85.72249997564023)	(55000, 85.7229083218821)	(60000, 85.72347454901346)	(65000, 85.72347454901346)	(70000, 85.72347454901346)	(75000, 85.72350008283574)	(80000, 85.72444912238723)	(85000, 85.72444912238723)	(90000, 85.72444912238723)	(95000, 85.72444912238723)	(100000, 85.72444912238723)	(105000, 85.72444912238723)	(110000, 85.72444912238723)	(115000, 85.72473311306713)	(120000, 85.7259973296773)	(125000, 85.7263982691635)	(130000, 85.7263982691635)	(135000, 85.7263982691635)	(140000, 85.7263982691635)	(145000, 85.7263982691635)	(150000, 85.7263982691635)	(155000, 85.7263982691635)	(160000, 85.7263982691635)	(165000, 85.7263982691635)	(170000, 85.7263982691635)	(175000, 85.72653392977655)	(180000, 85.72737284254562)	(185000, 85.72737284254562)	(190000, 85.72737284254562)	(195000, 85.72737284254562)	(200000, 85.72737284254562)	(205000, 85.72737284254562)	(210000, 85.72737284254562)	(215000, 85.72742468984889)	(220000, 85.72834741591939)	(225000, 85.72834741591939)	(230000, 85.72834741591939)	(235000, 85.72834741591939)	(240000, 85.72834741591939)	(245000, 85.72834741591939)	(250000, 85.72834741591939)	(255000, 85.72834741591939)	(260000, 85.72834741591939)	(265000, 85.72834741591939)	(270000, 85.72834741591939)	(275000, 85.72834741591939)	(280000, 85.72834741591939)	(285000, 85.72834741591939)	(290000, 85.72834741591939)	(295000, 85.72834741591939)	(300000, 85.72834741591939)	(305000, 85.72834741591939)	(310000, 85.72834741591934)	
restranded_dorado_trimmed_FBA43334_fail_6846ed3b_6b29293f_concatenated - polyg	(1, 0.028262628034577863)	(2, 0.030211774795583235)	(3, 0.032160921556588604)	(4, 0.03313549493709129)	(5, 0.03605921507859934)	(6, 0.03605921507859934)	(7, 0.037033788459102025)	(8, 0.0389829352201074)	(9, 0.04288122874211814)	(10, 5.029051173129586)	(5000, 7.841710571197098)	(10000, 7.963416854272452)	(15000, 8.024263758539451)	(20000, 8.059672738258456)	(25000, 8.078940638735592)	(30000, 8.090745841008287)	(35000, 8.098207759553738)	(40000, 8.101838825054188)	(45000, 8.106890233800634)	(50000, 8.109753725307375)	(55000, 8.111374245924498)	(60000, 8.111864846163552)	(65000, 8.112940970091019)	(70000, 8.113695094972163)	(75000, 8.114904150707332)	(80000, 8.115725910982484)	(85000, 8.116247112826384)	(90000, 8.11702969525024)	(95000, 8.117221686206202)	(100000, 8.117513278562352)	(105000, 8.11819625958742)	(110000, 8.11819625958742)	(115000, 8.118378504808897)	(120000, 8.119170832967235)	(125000, 8.119170832967235)	(130000, 8.119170832967235)	(135000, 8.119170832967235)	(140000, 8.119170832967235)	(145000, 8.119170832967235)	(150000, 8.119170832967235)	(155000, 8.119170832967235)	(160000, 8.119170832967235)	(165000, 8.119170832967235)	(170000, 8.119170832967235)	(175000, 8.119170832967235)	(180000, 8.119170832967235)	(185000, 8.119170832967235)	(190000, 8.119170832967235)	(195000, 8.119170832967235)	(200000, 8.119170832967235)	(205000, 8.119170832967235)	(210000, 8.119170832967235)	(215000, 8.119170832967235)	(220000, 8.119170832967235)	(225000, 8.119170832967235)	(230000, 8.119170832967235)	(235000, 8.119170832967235)	(240000, 8.119170832967235)	(245000, 8.119170832967235)	(250000, 8.119170832967235)	(255000, 8.119170832967235)	(260000, 8.119170832967235)	(265000, 8.119170832967235)	(270000, 8.119170832967235)	(275000, 8.119170832967235)	(280000, 8.119170832967235)	(285000, 8.119170832967235)	(290000, 8.119170832967235)	(295000, 8.119170832967235)	(300000, 8.119170832967235)	(305000, 8.119170832967235)	(310000, 8.11917083296793)	
