Sample	0	1	2	3	4	5	6	7	8	9	10	11	12	13	14	15	16	17	18	19	20	21	22	23	24	25	26	27	28	29	30	31	32	33	34	35	36	37	38	39	40	41	42	43	44	45	46	47	48	49	50	51	52	53	54	55	56	57	58	59	60	61	62	63	64	65	66	67	68	69	70	71	72	73	74	75	76	77	78	79	80	81	82	83	84	85	86	87	88	89	90	91	92	93	94	95	96	97	98	99	100
FAZ80247_pass_03069096_5394ef1c_concatenated	(0.0, 2.1217108010540995e-05)	(1.0, 1.117683087722445e-05)	(2.0, 5.514599586212736e-05)	(3.0, 4.2929840680432564e-05)	(4.0, 6.753069874025274e-05)	(5.0, 8.461877557025316e-05)	(6.0, 0.00010563048143585692)	(7.0, 0.00017870688728089212)	(8.0, 0.00012607446783979053)	(9.0, 0.00023229067443777425)	(10.0, 0.00034350030744500847)	(11.0, 0.0003640326728966749)	(12.0, 0.0005845626109703127)	(13.0, 0.0008096649401044885)	(14.0, 0.0010696539513745892)	(15.0, 0.0013799647490500846)	(16.0, 0.0015969132319667621)	(17.0, 0.0018887492303914439)	(18.0, 0.0023368435543241624)	(19.0, 0.00301215054172669)	(20.0, 0.0037472503353054797)	(21.0, 0.004204388949248055)	(22.0, 0.004979557688264448)	(23.0, 0.006179972499380584)	(24.0, 0.008304357753989704)	(25.0, 0.010413879135736555)	(26.0, 0.013461102533538487)	(27.0, 0.018518623828817055)	(28.0, 0.02482167175750363)	(29.0, 0.037286919080053244)	(30.0, 0.05480598496142168)	(31.0, 0.08649468337483418)	(32.0, 0.13591463191417438)	(33.0, 0.20671055085741777)	(34.0, 0.28138124113821045)	(35.0, 0.407063512430213)	(36.0, 0.5946880348239906)	(37.0, 0.8216867259147165)	(38.0, 1.1276724733491035)	(39.0, 1.5762143804079871)	(40.0, 2.202363160496177)	(41.0, 3.0897265469615918)	(42.0, 4.454987431976757)	(43.0, 5.59477104445501)	(44.0, 6.57476069364697)	(45.0, 7.171313188758148)	(46.0, 7.176913519659717)	(47.0, 7.024153296255616)	(48.0, 6.44772923187404)	(49.0, 5.965462079077366)	(50.0, 5.804042321921103)	(51.0, 5.511290378761536)	(52.0, 5.0899592796335)	(53.0, 5.104045367157657)	(54.0, 4.762124736178639)	(55.0, 3.9342763671303445)	(56.0, 2.7203487524504233)	(57.0, 2.0464408245360737)	(58.0, 1.4018038507959807)	(59.0, 0.9435709305278552)	(60.0, 0.5755396397800111)	(61.0, 0.40116122498127965)	(62.0, 0.24859944382990296)	(63.0, 0.12837388871647187)	(64.0, 0.06922038946452845)	(65.0, 0.038703019621870706)	(66.0, 0.021455202436483155)	(67.0, 0.014506365727365174)	(68.0, 0.0105876935322139)	(69.0, 0.008812223272891993)	(70.0, 0.00751519443248369)	(71.0, 0.005295848995292591)	(72.0, 0.003160489078750285)	(73.0, 0.0021872123233244167)	(74.0, 0.002016215860436066)	(75.0, 0.0013140637758679197)	(76.0, 0.0006832473867967018)	(77.0, 0.0004715287797478167)	(78.0, 0.0004714754884767148)	(79.0, 0.00034016579648177904)	(80.0, 0.0002110334335632898)	(81.0, 0.0001055167167816449)	(82.0, 2.110334335632898e-05)	(83.0, 4.220668671265796e-05)	(84.0, 4.220668671265796e-05)	(85.0, 0.0)	(86.0, 0.0)	(87.0, 1.055167167816449e-05)	(88.0, 2.110334335632898e-05)	(89.0, 1.1581103061400051e-05)	(90.0, 1.4068895570885985e-05)	(91.0, 0.0)	(92.0, 0.0)	(93.0, 0.0)	(94.0, 0.0)	(95.0, 0.0)	(96.0, 0.0)	(97.0, 2.110334335632898e-05)	(98.0, 4.220668671265796e-05)	(99.0, 4.220668671265796e-05)	(100.0, 5.627558228354394e-05)
FAZ83542_pass_1344a466_45031b9d_concatenated	(0.0, 0.00010206980223157514)	(1.0, 3.087640635654872e-05)	(2.0, 2.050950610797111e-05)	(3.0, 2.017727289480477e-05)	(4.0, 8.308652379962134e-06)	(5.0, 2.951545565195346e-05)	(6.0, 6.039426309186881e-05)	(7.0, 0.00012329079584909221)	(8.0, 0.0001474012570523998)	(9.0, 0.00019513508905887232)	(10.0, 0.0002657968774176887)	(11.0, 0.0003184027687800969)	(12.0, 0.0003213665016637042)	(13.0, 0.0005291228741741348)	(14.0, 0.0007243704614113334)	(15.0, 0.0007297697641946617)	(16.0, 0.0008242893235075158)	(17.0, 0.0012695158310207725)	(18.0, 0.0014160211479556971)	(19.0, 0.0016375715896134418)	(20.0, 0.002252913079371594)	(21.0, 0.0023932268878000145)	(22.0, 0.0029650284516355083)	(23.0, 0.003853027265622504)	(24.0, 0.004383219820718164)	(25.0, 0.005965278737321456)	(26.0, 0.008382392187382142)	(27.0, 0.011870241981258535)	(28.0, 0.016929536876753304)	(29.0, 0.025322068814521134)	(30.0, 0.04248282263225647)	(31.0, 0.07464796496886876)	(32.0, 0.12440561856113472)	(33.0, 0.19718884057900699)	(34.0, 0.27242835534791315)	(35.0, 0.4082579220687454)	(36.0, 0.6059024308949184)	(37.0, 0.841749694557741)	(38.0, 1.1656005261226792)	(39.0, 1.624712070893344)	(40.0, 2.27126093630135)	(41.0, 3.17422810327435)	(42.0, 4.503562989977376)	(43.0, 5.5525757061402965)	(44.0, 6.5602067936102575)	(45.0, 7.173993054033387)	(46.0, 7.175750168419258)	(47.0, 6.953662565202383)	(48.0, 6.306060153152505)	(49.0, 5.77714148399533)	(50.0, 5.590761321753228)	(51.0, 5.303929770277346)	(52.0, 4.981508101745668)	(53.0, 5.122518478093296)	(54.0, 4.919565206081595)	(55.0, 4.007738669529524)	(56.0, 2.7724028866871735)	(57.0, 2.1115733888823853)	(58.0, 1.475499787943059)	(59.0, 1.0327285210910597)	(60.0, 0.6439472190361163)	(61.0, 0.45320599607483225)	(62.0, 0.28901163823534076)	(63.0, 0.16721155195180123)	(64.0, 0.0970707775313445)	(65.0, 0.050760822031340934)	(66.0, 0.025809699483851922)	(67.0, 0.016503448958737732)	(68.0, 0.011070140420849129)	(69.0, 0.007915073182043023)	(70.0, 0.005523846700863794)	(71.0, 0.00410228918730434)	(72.0, 0.002917724088889694)	(73.0, 0.002069133060396183)	(74.0, 0.0016080979108330032)	(75.0, 0.0011750585857391747)	(76.0, 0.0007569154952064062)	(77.0, 0.0006091355963352941)	(78.0, 0.0006343611856862144)	(79.0, 0.0004132420195162349)	(80.0, 0.0001724504585947908)	(81.0, 0.00012085182287026972)	(82.0, 6.69513545132717e-05)	(83.0, 4.0170812707963024e-05)	(84.0, 2.0085406353981512e-05)	(85.0, 5.738687529709004e-06)	(86.0, 5.021351588495378e-06)	(87.0, 2.6780541805308685e-05)	(88.0, 1.3390270902654342e-05)	(89.0, 0.0)	(90.0, 0.0)	(91.0, 0.0)	(92.0, 0.0)	(93.0, 0.0)	(94.0, 2.0085406353981512e-05)	(95.0, 3.0128109530972268e-05)	(96.0, 0.0)	(97.0, 1.3390270902654342e-05)	(98.0, 1.3612209094411042e-05)	(99.0, 0.0)	(100.0, 0.0)
FBA22517_pass_d17fa1e0_a6486b6e_concatenated	(0.0, 0.002420597676157667)	(1.0, 0.0026135438677354524)	(2.0, 0.0026135438677354524)	(3.0, 0.002604773586300099)	(4.0, 0.003434442210084574)	(5.0, 0.004921881941520591)	(6.0, 0.00641809195439196)	(7.0, 0.008387897164772439)	(8.0, 0.009778863800419563)	(9.0, 0.012418718512461076)	(10.0, 0.015541941021325379)	(11.0, 0.020061392334698017)	(12.0, 0.02603645978686982)	(13.0, 0.03268182732017223)	(14.0, 0.041071227961762165)	(15.0, 0.05451606940215964)	(16.0, 0.07140675441850765)	(17.0, 0.08841696584184605)	(18.0, 0.10988260552407905)	(19.0, 0.1352846398572133)	(20.0, 0.1617926104760043)	(21.0, 0.19042670233429096)	(22.0, 0.22961896394005443)	(23.0, 0.27887119395120535)	(24.0, 0.3263632740381847)	(25.0, 0.3867585262788172)	(26.0, 0.4602788274034364)	(27.0, 0.5415143185301173)	(28.0, 0.6362553899194804)	(29.0, 0.7315894648043545)	(30.0, 0.8195447208258825)	(31.0, 0.9091307505147644)	(32.0, 0.9954781187614505)	(33.0, 1.055342339244262)	(34.0, 1.1204839772645805)	(35.0, 1.1924034934777004)	(36.0, 1.2711266152482739)	(37.0, 1.359732223261107)	(38.0, 1.4871914505119985)	(39.0, 1.6846515792166692)	(40.0, 1.9628356930349158)	(41.0, 2.235438194763421)	(42.0, 2.706279394448863)	(43.0, 3.472020800987686)	(44.0, 4.371058292254575)	(45.0, 6.050711972150694)	(46.0, 8.038280488972964)	(47.0, 9.484569327710581)	(48.0, 7.681677230909494)	(49.0, 3.7637888204969485)	(50.0, 2.968498581882233)	(51.0, 2.712826126882493)	(52.0, 2.6201107469586344)	(53.0, 2.591047652434271)	(54.0, 2.7753444935794125)	(55.0, 2.5963082630650627)	(56.0, 2.517956435341659)	(57.0, 2.1716291052148318)	(58.0, 1.717080243633793)	(59.0, 1.5421888230853638)	(60.0, 1.5037298782164779)	(61.0, 1.415988671807271)	(62.0, 1.194138693043559)	(63.0, 0.9450531853215718)	(64.0, 0.723156253168814)	(65.0, 0.5701841538364124)	(66.0, 0.4447669846247739)	(67.0, 0.366404401727855)	(68.0, 0.3239398718953547)	(69.0, 0.27561389200379927)	(70.0, 0.23947295146322364)	(71.0, 0.18037585793701208)	(72.0, 0.1471256547806762)	(73.0, 0.1289611883335937)	(74.0, 0.11232917979379531)	(75.0, 0.0942221006783159)	(76.0, 0.08349336688425925)	(77.0, 0.07008975110797058)	(78.0, 0.058697847297596396)	(79.0, 0.05239990324653729)	(80.0, 0.04960269638499301)	(81.0, 0.0453206191501224)	(82.0, 0.03773334310879338)	(83.0, 0.02983885137142443)	(84.0, 0.02427712614430332)	(85.0, 0.019340520760615498)	(86.0, 0.015666072775233995)	(87.0, 0.012657152471085164)	(88.0, 0.01115455732210002)	(89.0, 0.009314487260469871)	(90.0, 0.007698143004821584)	(91.0, 0.0070940342153975764)	(92.0, 0.008067597157368517)	(93.0, 0.010325495980282887)	(94.0, 0.012064814083506327)	(95.0, 0.015267706041494468)	(96.0, 0.01674344548567846)	(97.0, 0.018497351353033823)	(98.0, 0.03335484352983417)	(99.0, 0.06823078690638441)	(100.0, 0.14888910246343004)
FBA22660_pass_d1e1158a_77e47f3b_concatenated	(0.0, 0.00275015366282874)	(1.0, 0.0027377655832664482)	(2.0, 0.0025829145887378033)	(3.0, 0.0023153320701923036)	(4.0, 0.0032716918124012185)	(5.0, 0.0045464251993610275)	(6.0, 0.005947516997856207)	(7.0, 0.007296578862189764)	(8.0, 0.009004364116134252)	(9.0, 0.011209442278222162)	(10.0, 0.013738380234581406)	(11.0, 0.01731234118830254)	(12.0, 0.02249746037538229)	(13.0, 0.028586378452813796)	(14.0, 0.036538198237566204)	(15.0, 0.04492050378710823)	(16.0, 0.054235012323712715)	(17.0, 0.070086713126741)	(18.0, 0.09242569188860603)	(19.0, 0.1128530156828468)	(20.0, 0.13334248634289156)	(21.0, 0.16490887632526957)	(22.0, 0.19900600348508687)	(23.0, 0.23559512423758183)	(24.0, 0.28675469659806513)	(25.0, 0.3426730612361148)	(26.0, 0.4020358295031593)	(27.0, 0.48575676646565713)	(28.0, 0.5846651082144706)	(29.0, 0.672361052661169)	(30.0, 0.7714634689528569)	(31.0, 0.8736520431834057)	(32.0, 0.964361764009696)	(33.0, 1.0367971812232928)	(34.0, 1.1008555287247541)	(35.0, 1.173002051464125)	(36.0, 1.2604629248162154)	(37.0, 1.338495151297935)	(38.0, 1.4407440663195674)	(39.0, 1.630606219019284)	(40.0, 1.9249005683584994)	(41.0, 2.1935506843397827)	(42.0, 2.635813093519483)	(43.0, 3.3845798459054977)	(44.0, 4.240532276906375)	(45.0, 6.003490202822153)	(46.0, 8.357618939227955)	(47.0, 10.102408510500705)	(48.0, 8.419632917096243)	(49.0, 3.7475078382979574)	(50.0, 2.9006620924019213)	(51.0, 2.6992220361936914)	(52.0, 2.625144168049048)	(53.0, 2.554781667719249)	(54.0, 2.755606324982955)	(55.0, 2.557317029363863)	(56.0, 2.4725348013854935)	(57.0, 2.1587761634938483)	(58.0, 1.702041702060151)	(59.0, 1.5187851653267526)	(60.0, 1.4686282513645947)	(61.0, 1.3866134691104781)	(62.0, 1.1695780159993567)	(63.0, 0.9483889740056515)	(64.0, 0.7392094070480376)	(65.0, 0.5770163595634022)	(66.0, 0.4556624377461189)	(67.0, 0.37143223198882475)	(68.0, 0.3205687648079674)	(69.0, 0.27648254466165795)	(70.0, 0.24080646460633595)	(71.0, 0.17109012011756686)	(72.0, 0.14641255436817013)	(73.0, 0.12874597213467656)	(74.0, 0.11035539693296584)	(75.0, 0.09311526504960123)	(76.0, 0.08034910723272962)	(77.0, 0.0645169542864298)	(78.0, 0.053091991349048274)	(79.0, 0.05012025201426781)	(80.0, 0.04663426554124373)	(81.0, 0.04025469718552356)	(82.0, 0.03534935017276648)	(83.0, 0.02934686442360577)	(84.0, 0.023843768439345558)	(85.0, 0.019746817665989416)	(86.0, 0.01620226252240223)	(87.0, 0.014902478954281439)	(88.0, 0.012829233079223812)	(89.0, 0.011046877531612848)	(90.0, 0.009053334570040343)	(91.0, 0.007504205220775776)	(92.0, 0.006828038682098122)	(93.0, 0.006659517373737485)	(94.0, 0.007036690744791525)	(95.0, 0.008906531579270535)	(96.0, 0.010866216152604413)	(97.0, 0.014141340462275337)	(98.0, 0.025175255358717247)	(99.0, 0.0575931517639216)	(100.0, 0.14659325568680917)
FBA43334_pass_6846ed3b_6b29293f_concatenated	(0.0, 0.0001941461653956127)	(1.0, 9.707308269780635e-05)	(2.0, 0.0)	(3.0, 0.0)	(4.0, 0.0)	(5.0, 0.0003609447095617375)	(6.0, 0.002102382105742656)	(7.0, 0.001659730260794981)	(8.0, 0.0011744722393647292)	(9.0, 0.0013877715449828723)	(10.0, 0.0015136397070937317)	(11.0, 0.0017913975940799952)	(12.0, 0.002803016780133801)	(13.0, 0.004207929031542052)	(14.0, 0.005491236118651043)	(15.0, 0.0075214829898990814)	(16.0, 0.01290867578419145)	(17.0, 0.018758307218313165)	(18.0, 0.028964140331613472)	(19.0, 0.045566959485600425)	(20.0, 0.06750941790065948)	(21.0, 0.10425123239099857)	(22.0, 0.15762231594938464)	(23.0, 0.2365130385835594)	(24.0, 0.3447753434111962)	(25.0, 0.47408291676955566)	(26.0, 0.6276653119588947)	(27.0, 0.7782573830775826)	(28.0, 0.946220363999451)	(29.0, 1.1033456484414583)	(30.0, 1.2429638149340865)	(31.0, 1.3797745615930441)	(32.0, 1.4390292710366628)	(33.0, 1.4650526484076596)	(34.0, 1.449975483003712)	(35.0, 1.4257366310391868)	(36.0, 1.4409278200495943)	(37.0, 1.4748593669659111)	(38.0, 1.527185409140799)	(39.0, 1.6489821526502852)	(40.0, 1.76576188686572)	(41.0, 1.6936735501931786)	(42.0, 1.656327563715768)	(43.0, 1.631388294359666)	(44.0, 1.6893642656112646)	(45.0, 1.7068714538555672)	(46.0, 1.5373698949288412)	(47.0, 1.3513770909191198)	(48.0, 1.2437732573636644)	(49.0, 1.210490856711563)	(50.0, 1.2177873183712264)	(51.0, 1.141091770128539)	(52.0, 1.157434258808646)	(53.0, 1.8355180131123967)	(54.0, 4.278967869750538)	(55.0, 4.308020660043899)	(56.0, 3.998315236691358)	(57.0, 2.7642544913560596)	(58.0, 2.058734818384637)	(59.0, 2.05663822897945)	(60.0, 2.768006283921242)	(61.0, 3.776307957019629)	(62.0, 3.9830915778719307)	(63.0, 1.6517279444015522)	(64.0, 1.526449602732561)	(65.0, 1.696637694068379)	(66.0, 2.0984523582514214)	(67.0, 1.994221726015514)	(68.0, 4.194728046767039)	(69.0, 4.031918544367631)	(70.0, 1.6488456253839945)	(71.0, 4.60796222864744)	(72.0, 0.8874464136587135)	(73.0, 0.5475289483413697)	(74.0, 0.7682387326885745)	(75.0, 1.2146866927599012)	(76.0, 2.0630579695646567)	(77.0, 0.2927781254711255)	(78.0, 0.09941576940262502)	(79.0, 0.054099482878756176)	(80.0, 0.044980713095039274)	(81.0, 0.03166722358675897)	(82.0, 0.026886354196222432)	(83.0, 0.020244604146728507)	(84.0, 0.023274064433032433)	(85.0, 0.02506506375941127)	(86.0, 0.025225481247903185)	(87.0, 0.030664041413841492)	(88.0, 0.03263873307868486)	(89.0, 0.020273142245713343)	(90.0, 0.013962508484065956)	(91.0, 0.012012674918744887)	(92.0, 0.007503903376798682)	(93.0, 0.0033795813976273317)	(94.0, 0.001164876992373676)	(95.0, 0.0004961513115665657)	(96.0, 0.0001941461653956127)	(97.0, 4.6300440527951e-05)	(98.0, 9.179487725560884e-07)	(99.0, 6.471538846520422e-05)	(100.0, 0.0002588615538608169)
FBA62655_pass_9d20541a_79aab80e_concatenated	(0.0, 0.022567194938436883)	(1.0, 0.013185345990954132)	(2.0, 0.010149048217555547)	(3.0, 0.009472879848881139)	(4.0, 0.008410928169708435)	(5.0, 0.00771874758346173)	(6.0, 0.010296693269691733)	(7.0, 0.010093708914912522)	(8.0, 0.009136038144429075)	(9.0, 0.010192990913633324)	(10.0, 0.010613041400828697)	(11.0, 0.012311034510362128)	(12.0, 0.015105239158940192)	(13.0, 0.017931023113153678)	(14.0, 0.023309446166589493)	(15.0, 0.031370410033995065)	(16.0, 0.0391803430637386)	(17.0, 0.050237676580434355)	(18.0, 0.07358788700312564)	(19.0, 0.10802783539599206)	(20.0, 0.1465731134717099)	(21.0, 0.20117256093133284)	(22.0, 0.2918604561859912)	(23.0, 0.3938267411925682)	(24.0, 0.5146410072583074)	(25.0, 0.6649592469103832)	(26.0, 0.8558553103668369)	(27.0, 1.0293569331448142)	(28.0, 1.1749923861748521)	(29.0, 1.2807133004853062)	(30.0, 1.3974844256189054)	(31.0, 1.4796532130166729)	(32.0, 1.497679445206741)	(33.0, 1.5043335009446122)	(34.0, 1.4883060612615695)	(35.0, 1.496908973275728)	(36.0, 1.5461908399824105)	(37.0, 1.651765615083486)	(38.0, 1.8244121273947398)	(39.0, 2.207328769017194)	(40.0, 2.4085385054404114)	(41.0, 2.1716535860316766)	(42.0, 2.118730935717511)	(43.0, 2.034115587129777)	(44.0, 2.0970091707563054)	(45.0, 2.1253888825438785)	(46.0, 1.9551264402768782)	(47.0, 1.7464756779192407)	(48.0, 1.6441691451863156)	(49.0, 1.620001628635393)	(50.0, 1.6592678217445815)	(51.0, 1.6666886453047296)	(52.0, 1.685846910260314)	(53.0, 2.0314029655720724)	(54.0, 3.3668774112612203)	(55.0, 3.9144855385689334)	(56.0, 4.258539479600257)	(57.0, 3.8574853278658296)	(58.0, 3.270661720614138)	(59.0, 2.892524890271775)	(60.0, 3.7123889648222845)	(61.0, 3.9497130127727105)	(62.0, 2.904329236217866)	(63.0, 1.9075924377923974)	(64.0, 1.8738311033904973)	(65.0, 2.070940684143618)	(66.0, 2.3380772439456985)	(67.0, 1.7755179747175098)	(68.0, 1.5975401563358205)	(69.0, 1.5254984907436042)	(70.0, 1.0727707088587592)	(71.0, 0.9881359209065897)	(72.0, 0.497544678615788)	(73.0, 0.3052436667226152)	(74.0, 0.30168468276025256)	(75.0, 0.35914237170191665)	(76.0, 0.31375674697048717)	(77.0, 0.13779265402837315)	(78.0, 0.10987446043555821)	(79.0, 0.07360149065062326)	(80.0, 0.05872648171548659)	(81.0, 0.048963513036605906)	(82.0, 0.040786747951831)	(83.0, 0.035720081153636576)	(84.0, 0.02924295276217154)	(85.0, 0.02716938952745459)	(86.0, 0.033432037895748966)	(87.0, 0.05342327782048706)	(88.0, 0.0818271574667306)	(89.0, 0.04982667270336049)	(90.0, 0.014034709284741216)	(91.0, 0.00848905803894511)	(92.0, 0.006557606599236065)	(93.0, 0.004588193128246106)	(94.0, 0.004281131769449451)	(95.0, 0.0038734049342637883)	(96.0, 0.0032618146814852957)	(97.0, 0.0032618146814852957)	(98.0, 0.0035348988040164796)	(99.0, 0.0038394276979983166)	(100.0, 0.004281131769449451)
FBA62655_pass_9d20541a_79aab80e_merged	(0.0, 0.0020030046246730317)	(1.0, 0.0011780256771698374)	(2.0, 0.0009551372645895289)	(3.0, 0.0011224471604546979)	(4.0, 0.0010970372889928376)	(5.0, 0.0010345934621295563)	(6.0, 0.001178934017849626)	(7.0, 0.0012921548302064288)	(8.0, 0.001169481199528802)	(9.0, 0.0014012539110608603)	(10.0, 0.0016300771955865758)	(11.0, 0.0020941039896343098)	(12.0, 0.00303089530287179)	(13.0, 0.004731862733251351)	(14.0, 0.007704385932400347)	(15.0, 0.011242182968804228)	(16.0, 0.015161415674432513)	(17.0, 0.019869479494641767)	(18.0, 0.027716093112005426)	(19.0, 0.03955393016584329)	(20.0, 0.054153471599776445)	(21.0, 0.07489427585587281)	(22.0, 0.1434965665770179)	(23.0, 0.2300539784854541)	(24.0, 0.24023711580205376)	(25.0, 0.23537662210701807)	(26.0, 0.29110314625413436)	(27.0, 0.36470377393390374)	(28.0, 0.4535210599815458)	(29.0, 0.5611589542154678)	(30.0, 0.7211833088199525)	(31.0, 0.8197096549893939)	(32.0, 0.8581467353874725)	(33.0, 1.0059685794014135)	(34.0, 1.2163921727148557)	(35.0, 1.4441712310305164)	(36.0, 1.6648715144342932)	(37.0, 1.8918023280581036)	(38.0, 2.2427378488063976)	(39.0, 2.55431972799386)	(40.0, 2.692595043415395)	(41.0, 2.8045217761429666)	(42.0, 2.846958169049782)	(43.0, 2.895846170186558)	(44.0, 2.9573665806756)	(45.0, 2.8814031952092716)	(46.0, 2.8754517550023024)	(47.0, 2.8049153105332976)	(48.0, 2.753522349167424)	(49.0, 2.85213268074609)	(50.0, 2.7109225501116017)	(51.0, 2.558767629628158)	(52.0, 2.5650673286320766)	(53.0, 2.623900479691447)	(54.0, 3.2017712920966668)	(55.0, 3.507907736686754)	(56.0, 3.6991581296469316)	(57.0, 3.4616928278106993)	(58.0, 3.0019305011978825)	(59.0, 2.6246267837366677)	(60.0, 2.9531804064602674)	(61.0, 2.9851536393487867)	(62.0, 2.367336118851101)	(63.0, 1.81597767522187)	(64.0, 1.7628280047016065)	(65.0, 1.8021172567482617)	(66.0, 1.8572840617448505)	(67.0, 1.4734094776885145)	(68.0, 1.2649633668106022)	(69.0, 1.1758409117211566)	(70.0, 0.9192507385650787)	(71.0, 0.8501002981020614)	(72.0, 0.5736807417433833)	(73.0, 0.41892109475147155)	(74.0, 0.37163060392691377)	(75.0, 0.37009386748064976)	(76.0, 0.32335397304265034)	(77.0, 0.2162057482597679)	(78.0, 0.17591594296023544)	(79.0, 0.1315342805805128)	(80.0, 0.10933749700189098)	(81.0, 0.09291504969457608)	(82.0, 0.07567304077145857)	(83.0, 0.06234877284225146)	(84.0, 0.05063797334314868)	(85.0, 0.04419263924194976)	(86.0, 0.04082857697988429)	(87.0, 0.04547431474309706)	(88.0, 0.056502296238043447)	(89.0, 0.03751031670374236)	(90.0, 0.016292753311513093)	(91.0, 0.010306547557521691)	(92.0, 0.006626969468564016)	(93.0, 0.0034984540496144512)	(94.0, 0.002025263396582427)	(95.0, 0.0012238933512399195)	(96.0, 0.0006267328333932439)	(97.0, 0.0004383668509020024)	(98.0, 0.00036186206331997075)	(99.0, 0.00038907534245813787)	(100.0, 0.0003845436828953975)
chopper_filtered_FBA22517_pass_d17fa1e0_a6486b6e_concatenated	(0.0, 0.0)	(1.0, 0.00010213572701554765)	(2.0, 0.00016341716322487625)	(3.0, 0.0003983293353606358)	(4.0, 0.0007517189508344308)	(5.0, 0.00113574928441289)	(6.0, 0.0008558973923902895)	(7.0, 0.0017403927883449322)	(8.0, 0.0023797624394622605)	(9.0, 0.0020835688311171725)	(10.0, 0.0010633788264133017)	(11.0, 0.0006274051802383642)	(12.0, 0.0006609640619720441)	(13.0, 0.00043334729890882363)	(14.0, 0.0008885808250352646)	(15.0, 0.0018997245224891865)	(16.0, 0.0032468947618242605)	(17.0, 0.005775045821821966)	(18.0, 0.010795454529180487)	(19.0, 0.01631462603679826)	(20.0, 0.022876607738704837)	(21.0, 0.03469268999713355)	(22.0, 0.05612850308007222)	(23.0, 0.08606253922591023)	(24.0, 0.11878799784860418)	(25.0, 0.1660465922486406)	(26.0, 0.22806432093470747)	(27.0, 0.3040706737507887)	(28.0, 0.391014697215737)	(29.0, 0.48288610138824856)	(30.0, 0.5793732163696927)	(31.0, 0.6791560949766583)	(32.0, 0.774492910756832)	(33.0, 0.8426654657499604)	(34.0, 0.9130551138986766)	(35.0, 0.9863195922853693)	(36.0, 1.069427147305066)	(37.0, 1.163107965499428)	(38.0, 1.293889201706714)	(39.0, 1.5095550713757113)	(40.0, 1.814730621728115)	(41.0, 2.099471224410093)	(42.0, 2.6138816305175694)	(43.0, 3.4703766918013677)	(44.0, 4.474589473053853)	(45.0, 6.421887835672911)	(46.0, 8.777338423268061)	(47.0, 10.54014939698356)	(48.0, 8.53001153251083)	(49.0, 4.048655831865132)	(50.0, 3.1769028953411707)	(51.0, 2.9135136363429632)	(52.0, 2.8352123330290966)	(53.0, 2.82195936224995)	(54.0, 3.053579907579172)	(55.0, 2.8618232027000134)	(56.0, 2.7763210080943312)	(57.0, 2.3786179860502763)	(58.0, 1.858245472265247)	(59.0, 1.6614495231938216)	(60.0, 1.6187277616538172)	(61.0, 1.5197597491855577)	(62.0, 1.270844354484929)	(63.0, 0.990703402760109)	(64.0, 0.7345470102000775)	(65.0, 0.5599617119008936)	(66.0, 0.4184346186385685)	(67.0, 0.33340548891255206)	(68.0, 0.2890561883549169)	(69.0, 0.23580358660540615)	(70.0, 0.20045033894501604)	(71.0, 0.13670500596225812)	(72.0, 0.10635587331164441)	(73.0, 0.09551776651362354)	(74.0, 0.08267078842150977)	(75.0, 0.06756419622818355)	(76.0, 0.05991835205648035)	(77.0, 0.04803681630247141)	(78.0, 0.03771792091222655)	(79.0, 0.032376123771335114)	(80.0, 0.028770308575405294)	(81.0, 0.026557212359161492)	(82.0, 0.022752728126959533)	(83.0, 0.017100262007629957)	(84.0, 0.012634410504825446)	(85.0, 0.00910268086550904)	(86.0, 0.007887615009367502)	(87.0, 0.006221971424525807)	(88.0, 0.005146195806695903)	(89.0, 0.004045096953462829)	(90.0, 0.002836852978807166)	(91.0, 0.0017043582909375462)	(92.0, 0.0014286636848079382)	(93.0, 0.0016068787283469513)	(94.0, 0.0017939865926662245)	(95.0, 0.0026437385799999097)	(96.0, 0.003197987463972877)	(97.0, 0.004382586723647537)	(98.0, 0.00844832865366096)	(99.0, 0.018484234359031553)	(100.0, 0.09298996140192949)
chopper_filtered_FBA22660_pass_d1e1158a_77e47f3b_concatenated	(0.0, 0.00025220307051361795)	(1.0, 0.00028022563390402)	(2.0, 0.0003152538381420225)	(3.0, 0.00039091475929610783)	(4.0, 0.0011363149454808007)	(5.0, 0.001359094324434497)	(6.0, 0.0016827549315936395)	(7.0, 0.0024099404515745713)	(8.0, 0.0025480516568558383)	(9.0, 0.0020436455158286027)	(10.0, 0.0016253086766433163)	(11.0, 0.0007496035706932533)	(12.0, 0.0005612519124763371)	(13.0, 0.0009047284751758358)	(14.0, 0.0014496672525356174)	(15.0, 0.001668843730481976)	(16.0, 0.0027041773671737926)	(17.0, 0.005206495230098111)	(18.0, 0.008951207391562695)	(19.0, 0.01480722257607195)	(20.0, 0.021805390740101703)	(21.0, 0.036315841025791364)	(22.0, 0.05649789134072622)	(23.0, 0.08050446959886928)	(24.0, 0.11708631268472157)	(25.0, 0.1627418617963851)	(26.0, 0.21741705825503022)	(27.0, 0.29430932845053076)	(28.0, 0.3904210162887232)	(29.0, 0.48219149638993547)	(30.0, 0.5820980185569101)	(31.0, 0.6894858134918728)	(32.0, 0.7883578426794458)	(33.0, 0.8598929076039435)	(34.0, 0.9268031318668278)	(35.0, 1.0046538182176858)	(36.0, 1.0998158224109296)	(37.0, 1.183621144596758)	(38.0, 1.2875255506650463)	(39.0, 1.4813010280446393)	(40.0, 1.789421060835018)	(41.0, 2.0664402241350333)	(42.0, 2.537058756444736)	(43.0, 3.362522856039164)	(44.0, 4.316208013445739)	(45.0, 6.3036185702756)	(46.0, 8.991853521622673)	(47.0, 11.033651575207513)	(48.0, 9.204814677572113)	(49.0, 3.9787041524039335)	(50.0, 3.0565759761988835)	(51.0, 2.854211798630458)	(52.0, 2.7887080167568645)	(53.0, 2.7195993624781867)	(54.0, 2.962864766865313)	(55.0, 2.7514758830790593)	(56.0, 2.664710324547429)	(57.0, 2.32056127401577)	(58.0, 1.8149455805664267)	(59.0, 1.6103655152278666)	(60.0, 1.5563040140854438)	(61.0, 1.4690206901620586)	(62.0, 1.2285392583013983)	(63.0, 0.9805385509504189)	(64.0, 0.7463373443035053)	(65.0, 0.5681518139268257)	(66.0, 0.43349598540580797)	(67.0, 0.3394153229936275)	(68.0, 0.28598336762837223)	(69.0, 0.2412395466920227)	(70.0, 0.2079915656587365)	(71.0, 0.13662987882399508)	(72.0, 0.11426996986795365)	(73.0, 0.0995625204817514)	(74.0, 0.08501340970817275)	(75.0, 0.07076687397628546)	(76.0, 0.06041313368684336)	(77.0, 0.045733338444725435)	(78.0, 0.03477084767418363)	(79.0, 0.031909289117261756)	(80.0, 0.028961273381484083)	(81.0, 0.02543706643157844)	(82.0, 0.02281733281495039)	(83.0, 0.01813640622018023)	(84.0, 0.013522776235976362)	(85.0, 0.010312550846313924)	(86.0, 0.0076696548771376955)	(87.0, 0.007464780237419388)	(88.0, 0.006187537948035036)	(89.0, 0.004802149170554152)	(90.0, 0.00338807045291252)	(91.0, 0.002532681705420496)	(92.0, 0.0021742446672929224)	(93.0, 0.0018995744296314634)	(94.0, 0.0019198414168282414)	(95.0, 0.0027736709460142606)	(96.0, 0.0038727320190058046)	(97.0, 0.005149539216203947)	(98.0, 0.010647599408914557)	(99.0, 0.02798162650674577)	(100.0, 0.11405761281481784)
chopper_filtered_dorado_trimmed_FAZ80247_pass_03069096_5394ef1c_concatenated	(0.0, 1.7339543777910414e-05)	(1.0, 2.638076282607393e-05)	(2.0, 7.956084781035452e-05)	(3.0, 5.2330703943855276e-05)	(4.0, 5.173971105848335e-05)	(5.0, 0.0001151449992549761)	(6.0, 0.00017830753373763636)	(7.0, 0.0002897684630532363)	(8.0, 0.00034448552529290803)	(9.0, 0.0006238767328415318)	(10.0, 0.001071191204057128)	(11.0, 0.0014487119096375336)	(12.0, 0.0022260587972854793)	(13.0, 0.003363656104479845)	(14.0, 0.005283540900994188)	(15.0, 0.0078430162663525)	(16.0, 0.01221754691940818)	(17.0, 0.016904513374163356)	(18.0, 0.021009197118136373)	(19.0, 0.026899080078773608)	(20.0, 0.034501189105153623)	(21.0, 0.04422242380083861)	(22.0, 0.05634832316286066)	(23.0, 0.07008747119531465)	(24.0, 0.08581859685918043)	(25.0, 0.10241164199020737)	(26.0, 0.12094198274315116)	(27.0, 0.1455492661327767)	(28.0, 0.1771541936334172)	(29.0, 0.20946882147793908)	(30.0, 0.2500512657698599)	(31.0, 0.29944710096676497)	(32.0, 0.35875365992815805)	(33.0, 0.4184730462461748)	(34.0, 0.5122986220320824)	(35.0, 0.6570348294016554)	(36.0, 0.7724890567477642)	(37.0, 0.9859289082257879)	(38.0, 1.3052251627526328)	(39.0, 1.6566341725310705)	(40.0, 2.1346509512347107)	(41.0, 3.0817858677295775)	(42.0, 3.811158841875304)	(43.0, 4.2529290988154544)	(44.0, 4.707491449708851)	(45.0, 5.049401901477265)	(46.0, 5.283858986548328)	(47.0, 5.616274699706405)	(48.0, 5.248027976789101)	(49.0, 4.8948290724360115)	(50.0, 4.95489914940433)	(51.0, 5.328074997771586)	(52.0, 5.5825020289172125)	(53.0, 4.841965368140401)	(54.0, 4.563697105211197)	(55.0, 4.184891356614939)	(56.0, 4.250977114750086)	(57.0, 2.9693418456811274)	(58.0, 2.672720475913603)	(59.0, 2.2822239075670057)	(60.0, 1.6686519543132488)	(61.0, 1.5616819264240003)	(62.0, 0.9651901816422802)	(63.0, 0.657725548990939)	(64.0, 0.3698197563363753)	(65.0, 0.22156671310220172)	(66.0, 0.1641617898822959)	(67.0, 0.11203435113033856)	(68.0, 0.06460131027225173)	(69.0, 0.044584167503135895)	(70.0, 0.032055252126734386)	(71.0, 0.02035315301174684)	(72.0, 0.013123954406448176)	(73.0, 0.009175338436414084)	(74.0, 0.007261106004792676)	(75.0, 0.005079804333985377)	(76.0, 0.003181684877796784)	(77.0, 0.0019111501982329497)	(78.0, 0.001225595293684158)	(79.0, 0.0009818848292936033)	(80.0, 0.0005398325841390532)	(81.0, 0.00022625857772400255)	(82.0, 5.440882313689717e-05)	(83.0, 5.925428814078688e-05)	(84.0, 6.898628141131113e-05)	(85.0, 3.400038155271763e-05)	(86.0, 4.927591529379366e-06)	(87.0, 8.623285176413891e-06)	(88.0, 1.7246570352827783e-05)	(89.0, 9.464581291185979e-06)	(90.0, 1.1497713568551854e-05)	(91.0, 0.0)	(92.0, 0.0)	(93.0, 0.0)	(94.0, 0.0)	(95.0, 0.0)	(96.0, 0.0)	(97.0, 0.0)	(98.0, 0.0)	(99.0, 0.0)	(100.0, 1.1497713568551854e-05)
chopper_filtered_dorado_trimmed_FAZ83542_pass_1344a466_45031b9d_concatenated	(0.0, 8.661960646812074e-05)	(1.0, 4.324777814179644e-05)	(2.0, 1.7405004311631852e-05)	(3.0, 1.712306088124471e-05)	(4.0, 4.795922083055065e-05)	(5.0, 7.61830332350394e-05)	(6.0, 0.00015920474919635592)	(7.0, 0.00017849050153773417)	(8.0, 0.00031684666380974054)	(9.0, 0.0008042207842863315)	(10.0, 0.0011459988953464986)	(11.0, 0.0015883608915851816)	(12.0, 0.002474380361543878)	(13.0, 0.004095734582994611)	(14.0, 0.006583607423676783)	(15.0, 0.009897521446175514)	(16.0, 0.01394573271506188)	(17.0, 0.018843358137911072)	(18.0, 0.025061978816923198)	(19.0, 0.0326737523424349)	(20.0, 0.04035601953184684)	(21.0, 0.050781345084575526)	(22.0, 0.06606042955972326)	(23.0, 0.08073702132653739)	(24.0, 0.09701156617095268)	(25.0, 0.11421776323293385)	(26.0, 0.13138718566996474)	(27.0, 0.15956973000358532)	(28.0, 0.1940954448857493)	(29.0, 0.23162904787514083)	(30.0, 0.2836395542638544)	(31.0, 0.34708017674075325)	(32.0, 0.41788162461242884)	(33.0, 0.49263811430960613)	(34.0, 0.5960507875113369)	(35.0, 0.7540837287410339)	(36.0, 0.8633646711970987)	(37.0, 1.0482866306866638)	(38.0, 1.3427754659955404)	(39.0, 1.6600843772198517)	(40.0, 2.0657981821732494)	(41.0, 2.905798230260141)	(42.0, 3.550232529145547)	(43.0, 3.9753187055472603)	(44.0, 4.460452916173545)	(45.0, 4.8179397549125)	(46.0, 5.021252346127189)	(47.0, 5.3723938234681885)	(48.0, 5.0500863138507786)	(49.0, 4.716923349398735)	(50.0, 4.79099400201512)	(51.0, 5.18079294991209)	(52.0, 5.533380571856248)	(53.0, 4.899840426968631)	(54.0, 4.681335262007015)	(55.0, 4.470392366223488)	(56.0, 4.492089577856788)	(57.0, 3.0889888254067923)	(58.0, 2.8137660010784717)	(59.0, 2.3845737398367657)	(60.0, 1.7544634403707344)	(61.0, 1.6275969197742477)	(62.0, 1.0417099118432158)	(63.0, 0.7507092086613497)	(64.0, 0.45815512560881566)	(65.0, 0.2926346611064141)	(66.0, 0.21807946143534343)	(67.0, 0.15650177749628089)	(68.0, 0.09843609601927264)	(69.0, 0.0686474462567123)	(70.0, 0.046794161668960665)	(71.0, 0.032971831297137696)	(72.0, 0.024860140727799865)	(73.0, 0.018247244501493506)	(74.0, 0.017011805803288964)	(75.0, 0.011168055335349696)	(76.0, 0.006569711616689046)	(77.0, 0.004662406731167396)	(78.0, 0.00315412321120863)	(79.0, 0.0022408120684412128)	(80.0, 0.0011798296066082275)	(81.0, 0.0006366298067761408)	(82.0, 0.0004872549694810126)	(83.0, 0.0003187495205130556)	(84.0, 0.00022729751638510037)	(85.0, 0.00017157627255371205)	(86.0, 7.244167533796659e-05)	(87.0, 6.818040031808619e-05)	(88.0, 3.4090200159043095e-05)	(89.0, 3.4090200159043095e-05)	(90.0, 1.7045100079521547e-05)	(91.0, 0.0)	(92.0, 0.0)	(93.0, 0.0)	(94.0, 0.0)	(95.0, 0.0)	(96.0, 0.0)	(97.0, 0.0)	(98.0, 1.8834364728753092e-07)	(99.0, 0.0)	(100.0, 0.0)
chopper_filtered_dorado_trimmed_FBA43334_pass_6846ed3b_6b29293f_concatenated	(0.0, 0.0010076445012662098)	(1.0, 0.0013960074861292281)	(2.0, 0.0014841763799900215)	(3.0, 0.00249451992902748)	(4.0, 0.005937927816004652)	(5.0, 0.007970374844978105)	(6.0, 0.009528488776035056)	(7.0, 0.01201118516024346)	(8.0, 0.01544359692667109)	(9.0, 0.02067206140621198)	(10.0, 0.028740346719293007)	(11.0, 0.03677895159459319)	(12.0, 0.047082784566205745)	(13.0, 0.06322081831253994)	(14.0, 0.08475180850536318)	(15.0, 0.10851720584999991)	(16.0, 0.13888817361765987)	(17.0, 0.17626337306611534)	(18.0, 0.2119435737992497)	(19.0, 0.256787801151138)	(20.0, 0.31201500692615003)	(21.0, 0.3690791964467131)	(22.0, 0.4352710294368822)	(23.0, 0.5334111179689605)	(24.0, 0.5941095185737558)	(25.0, 0.641628066672718)	(26.0, 0.7046560185526509)	(27.0, 0.7648876559556596)	(28.0, 0.8357950261089203)	(29.0, 0.891550705346755)	(30.0, 0.9618863385407971)	(31.0, 1.0259926806013746)	(32.0, 1.0553125724407422)	(33.0, 1.0775614951447565)	(34.0, 1.098837319585305)	(35.0, 1.121495700249064)	(36.0, 1.1735134314856668)	(37.0, 1.2468971036289254)	(38.0, 1.335875710746486)	(39.0, 1.4757426590984235)	(40.0, 1.6217331297581343)	(41.0, 1.580280421850502)	(42.0, 1.5535643350150394)	(43.0, 1.4928428361061314)	(44.0, 1.5200759126571912)	(45.0, 1.5875964657177857)	(46.0, 1.4214058424333489)	(47.0, 1.3241843501845707)	(48.0, 1.210398811030149)	(49.0, 1.1258575573875111)	(50.0, 1.1635795447201278)	(51.0, 1.1277078197063668)	(52.0, 1.138730834712977)	(53.0, 1.4046762142906217)	(54.0, 3.1814644099560745)	(55.0, 4.517071932807936)	(56.0, 4.500816336183614)	(57.0, 3.0294327801965393)	(58.0, 2.2631548657681697)	(59.0, 1.611145656959658)	(60.0, 2.089961857201755)	(61.0, 3.249599365426935)	(62.0, 2.7042251119577103)	(63.0, 2.4996197258015806)	(64.0, 2.7878101609480415)	(65.0, 2.0312178106512984)	(66.0, 2.549901082556893)	(67.0, 1.7573353573445811)	(68.0, 2.993883522038699)	(69.0, 4.9585386749555065)	(70.0, 2.1668072789402726)	(71.0, 3.9305861715974473)	(72.0, 2.1979759481676866)	(73.0, 0.5426960436555872)	(74.0, 1.0933175434308966)	(75.0, 1.1243105178628727)	(76.0, 2.064408303498208)	(77.0, 1.2519150871385027)	(78.0, 0.17690058575156795)	(79.0, 0.1801634834575407)	(80.0, 0.08434817189829313)	(81.0, 0.05009930263439276)	(82.0, 0.0351095807232284)	(83.0, 0.029548597921359207)	(84.0, 0.026968358749325207)	(85.0, 0.024306915425425214)	(86.0, 0.022974560810620045)	(87.0, 0.028168752267107643)	(88.0, 0.030689420376613385)	(89.0, 0.019279245462722656)	(90.0, 0.01285336985419948)	(91.0, 0.011007575599079724)	(92.0, 0.006831289909030654)	(93.0, 0.003053531799575716)	(94.0, 0.000983652965521776)	(95.0, 0.00018893334398741433)	(96.0, 4.1985187552758736e-05)	(97.0, 4.1985187552758736e-05)	(98.0, 2.495798253330832e-05)	(99.0, 2.0992593776379368e-05)	(100.0, 0.00012595556265827622)
chopper_filtered_dorado_trimmed_FBA62655_pass_9d20541a_79aab80e_concatenated	(0.0, 0.017153086243581795)	(1.0, 0.009168560069713136)	(2.0, 0.008634508385243014)	(3.0, 0.010973045953095282)	(4.0, 0.016256834520337056)	(5.0, 0.02286231302577639)	(6.0, 0.028392213533827974)	(7.0, 0.03517627190899908)	(8.0, 0.0437420222552744)	(9.0, 0.056576006861203045)	(10.0, 0.07516926427681897)	(11.0, 0.09749231775758156)	(12.0, 0.11830288676483154)	(13.0, 0.14715046422468153)	(14.0, 0.18672598709664434)	(15.0, 0.22262994602341468)	(16.0, 0.26860677869964533)	(17.0, 0.3207300265728351)	(18.0, 0.3707220246995352)	(19.0, 0.42595849198281005)	(20.0, 0.479663140267292)	(21.0, 0.5326388569239681)	(22.0, 0.5935165955026033)	(23.0, 0.6827475316754484)	(24.0, 0.7391762356273015)	(25.0, 0.7920122491722417)	(26.0, 0.8695441998605227)	(27.0, 0.9167982206500777)	(28.0, 0.9714606967660405)	(29.0, 1.0337378031092803)	(30.0, 1.108037745384439)	(31.0, 1.1576462041773787)	(32.0, 1.17263026002976)	(33.0, 1.198427654685435)	(34.0, 1.2092180248285387)	(35.0, 1.2595928911759837)	(36.0, 1.330185525152067)	(37.0, 1.4715692487518934)	(38.0, 1.689881091261107)	(39.0, 2.050403314533725)	(40.0, 2.254468322795958)	(41.0, 2.081748924128257)	(42.0, 2.0318012164325836)	(43.0, 1.9064059595472471)	(44.0, 1.9380188642888714)	(45.0, 2.039377025253377)	(46.0, 1.8981348627262498)	(47.0, 1.7289334201646855)	(48.0, 1.6216906786207674)	(49.0, 1.6029319803921007)	(50.0, 1.6024653235416935)	(51.0, 1.61594041766055)	(52.0, 1.6076953880183344)	(53.0, 1.6821282408694473)	(54.0, 2.6660666563075677)	(55.0, 3.62514106538244)	(56.0, 4.1328604749973925)	(57.0, 3.588403049185767)	(58.0, 3.1042443022317676)	(59.0, 2.3120963935738286)	(60.0, 2.6451326337602477)	(61.0, 3.6021937583759476)	(62.0, 2.9469341882969378)	(63.0, 2.1077171669625048)	(64.0, 2.273540783093392)	(65.0, 2.522046988258758)	(66.0, 3.0888437638816693)	(67.0, 2.311850699266521)	(68.0, 1.9495402057097502)	(69.0, 1.740678306942227)	(70.0, 1.6486701033747428)	(71.0, 1.1941521820309504)	(72.0, 0.660175313532951)	(73.0, 0.34668165044884297)	(74.0, 0.3883103942258157)	(75.0, 0.35510686087595367)	(76.0, 0.38027281924992967)	(77.0, 0.25758795296192244)	(78.0, 0.14136375766095938)	(79.0, 0.17397897752012573)	(80.0, 0.09738855374409072)	(81.0, 0.060617187603825264)	(82.0, 0.042183385030252055)	(83.0, 0.036068917060298425)	(84.0, 0.026147623630218997)	(85.0, 0.020476301676046086)	(86.0, 0.026078274575012814)	(87.0, 0.04585060320830109)	(88.0, 0.07085386949670026)	(89.0, 0.04103495429307698)	(90.0, 0.008471934296652335)	(91.0, 0.00392980648309536)	(92.0, 0.002083296650249504)	(93.0, 0.0008519953064365735)	(94.0, 0.00042306947358913014)	(95.0, 0.00019230430617687733)	(96.0, 0.0)	(97.0, 0.0)	(98.0, 0.00016144802516505956)	(99.0, 0.0001602535884807311)	(100.0, 0.00038460861235375466)
dorado_FBA62655_pass_9d20541a_79aab80e_concatenated	(0.0, 0.022567194938436883)	(1.0, 0.013185345990954132)	(2.0, 0.010149048217555547)	(3.0, 0.009472879848881139)	(4.0, 0.008410928169708435)	(5.0, 0.00771874758346173)	(6.0, 0.010296693269691733)	(7.0, 0.010093708914912522)	(8.0, 0.009136038144429075)	(9.0, 0.010192990913633324)	(10.0, 0.010613041400828697)	(11.0, 0.012311034510362128)	(12.0, 0.015105239158940192)	(13.0, 0.017931023113153678)	(14.0, 0.023309446166589493)	(15.0, 0.031370410033995065)	(16.0, 0.0391803430637386)	(17.0, 0.050237676580434355)	(18.0, 0.07358788700312564)	(19.0, 0.10802783539599206)	(20.0, 0.1465731134717099)	(21.0, 0.20117256093133284)	(22.0, 0.2918604561859912)	(23.0, 0.3938267411925682)	(24.0, 0.5146410072583074)	(25.0, 0.6649592469103832)	(26.0, 0.8558553103668369)	(27.0, 1.0293569331448142)	(28.0, 1.1749923861748521)	(29.0, 1.2807133004853062)	(30.0, 1.3974844256189054)	(31.0, 1.4796532130166729)	(32.0, 1.497679445206741)	(33.0, 1.5043335009446122)	(34.0, 1.4883060612615695)	(35.0, 1.496908973275728)	(36.0, 1.5461908399824105)	(37.0, 1.651765615083486)	(38.0, 1.8244121273947398)	(39.0, 2.207328769017194)	(40.0, 2.4085385054404114)	(41.0, 2.1716535860316766)	(42.0, 2.118730935717511)	(43.0, 2.034115587129777)	(44.0, 2.0970091707563054)	(45.0, 2.1253888825438785)	(46.0, 1.9551264402768782)	(47.0, 1.7464756779192407)	(48.0, 1.6441691451863156)	(49.0, 1.620001628635393)	(50.0, 1.6592678217445815)	(51.0, 1.6666886453047296)	(52.0, 1.685846910260314)	(53.0, 2.0314029655720724)	(54.0, 3.3668774112612203)	(55.0, 3.9144855385689334)	(56.0, 4.258539479600257)	(57.0, 3.8574853278658296)	(58.0, 3.270661720614138)	(59.0, 2.892524890271775)	(60.0, 3.7123889648222845)	(61.0, 3.9497130127727105)	(62.0, 2.904329236217866)	(63.0, 1.9075924377923974)	(64.0, 1.8738311033904973)	(65.0, 2.070940684143618)	(66.0, 2.3380772439456985)	(67.0, 1.7755179747175098)	(68.0, 1.5975401563358205)	(69.0, 1.5254984907436042)	(70.0, 1.0727707088587592)	(71.0, 0.9881359209065897)	(72.0, 0.497544678615788)	(73.0, 0.3052436667226152)	(74.0, 0.30168468276025256)	(75.0, 0.35914237170191665)	(76.0, 0.31375674697048717)	(77.0, 0.13779265402837315)	(78.0, 0.10987446043555821)	(79.0, 0.07360149065062326)	(80.0, 0.05872648171548659)	(81.0, 0.048963513036605906)	(82.0, 0.040786747951831)	(83.0, 0.035720081153636576)	(84.0, 0.02924295276217154)	(85.0, 0.02716938952745459)	(86.0, 0.033432037895748966)	(87.0, 0.05342327782048706)	(88.0, 0.0818271574667306)	(89.0, 0.04982667270336049)	(90.0, 0.014034709284741216)	(91.0, 0.00848905803894511)	(92.0, 0.006557606599236065)	(93.0, 0.004588193128246106)	(94.0, 0.004281131769449451)	(95.0, 0.0038734049342637883)	(96.0, 0.0032618146814852957)	(97.0, 0.0032618146814852957)	(98.0, 0.0035348988040164796)	(99.0, 0.0038394276979983166)	(100.0, 0.004281131769449451)
dorado_trim_full_length_pychopper_output.FAZ80247_pass_03069096_5394ef1c_concatenated	(0.0, 0.008527603336275544)	(1.0, 0.008205917339365286)	(2.0, 0.008229312684595123)	(3.0, 0.008820045151648505)	(4.0, 0.008299498720284635)	(5.0, 0.00810356270398475)	(6.0, 0.010688748351881727)	(7.0, 0.013902683902830568)	(8.0, 0.016031660318745724)	(9.0, 0.01831855531496228)	(10.0, 0.01999717133520307)	(11.0, 0.020307159659498412)	(12.0, 0.020734124709942937)	(13.0, 0.022295764004034546)	(14.0, 0.02448907761933175)	(15.0, 0.026325612219873954)	(16.0, 0.027932287553533004)	(17.0, 0.02937578035421394)	(18.0, 0.032773954248847756)	(19.0, 0.03740447795346323)	(20.0, 0.0408775169528325)	(21.0, 0.04544604299258887)	(22.0, 0.0514133600126763)	(23.0, 0.05753940457548948)	(24.0, 0.06406627672675495)	(25.0, 0.07250993913416313)	(26.0, 0.08125372660100315)	(27.0, 0.0948406100567058)	(28.0, 0.11087177917448064)	(29.0, 0.12619430631543216)	(30.0, 0.14081613984472957)	(31.0, 0.1582939750080344)	(32.0, 0.18096379328891324)	(33.0, 0.19746711307268874)	(34.0, 0.21000860773504804)	(35.0, 0.25373300912552244)	(36.0, 0.3574666889492005)	(37.0, 0.5018164454260637)	(38.0, 0.6444233908631896)	(39.0, 0.9235053417938269)	(40.0, 1.3031375322328735)	(41.0, 1.9068928458010768)	(42.0, 2.1803008437339746)	(43.0, 2.8624058019491967)	(44.0, 3.415193648397706)	(45.0, 5.4356949219306605)	(46.0, 5.2684536266436295)	(47.0, 4.486989672032647)	(48.0, 4.435622371999873)	(49.0, 4.9990332219901035)	(50.0, 5.872205506452044)	(51.0, 6.017609389198492)	(52.0, 4.766839634204566)	(53.0, 4.410234442013338)	(54.0, 5.361723331230381)	(55.0, 5.121873650814958)	(56.0, 4.538687671032317)	(57.0, 5.140911801236164)	(58.0, 4.5942123222902715)	(59.0, 2.8117422545567643)	(60.0, 2.2795956000601114)	(61.0, 2.460586567697296)	(62.0, 2.167487751561562)	(63.0, 1.2132982002086008)	(64.0, 0.8808103756304305)	(65.0, 0.45673923288857726)	(66.0, 0.25844517443132486)	(67.0, 0.23320018368421244)	(68.0, 0.21933149621389506)	(69.0, 0.07211417167530466)	(70.0, 0.03971102605245853)	(71.0, 0.0285912539122098)	(72.0, 0.020330663879170277)	(73.0, 0.014468523368084418)	(74.0, 0.009993211574500852)	(75.0, 0.007989844615206874)	(76.0, 0.006609602801450886)	(77.0, 0.0051551643213945545)	(78.0, 0.003847949406677419)	(79.0, 0.0025705635571283275)	(80.0, 0.001637674166088582)	(81.0, 0.0011346742436470886)	(82.0, 0.0008071394104293724)	(83.0, 0.0004913022498265745)	(84.0, 0.0003860231962923085)	(85.0, 0.00029829065168042023)	(86.0, 0.00012282556245664361)	(87.0, 7.018603568951065e-05)	(88.0, 7.018603568951065e-05)	(89.0, 3.509301784475533e-05)	(90.0, 1.7546508922377664e-05)	(91.0, 1.7546508922377664e-05)	(92.0, 0.0)	(93.0, 0.0)	(94.0, 0.0)	(95.0, 0.0)	(96.0, 0.0)	(97.0, 0.0)	(98.0, 0.0)	(99.0, 0.0)	(100.0, 0.0)
dorado_trimmed_FAZ80247_pass_03069096_5394ef1c_concatenated	(0.0, 0.03341597811903147)	(1.0, 0.03315257332331341)	(2.0, 0.032018364880817926)	(3.0, 0.030532527509381378)	(4.0, 0.03004265477304523)	(5.0, 0.02994432732573035)	(6.0, 0.02939662501540645)	(7.0, 0.02868011686441634)	(8.0, 0.028381267426311724)	(9.0, 0.029544867325071025)	(10.0, 0.03082005377763159)	(11.0, 0.032114631297963936)	(12.0, 0.03484888490890566)	(13.0, 0.036943381632831444)	(14.0, 0.03955575719786437)	(15.0, 0.04507842205775494)	(16.0, 0.05408146768823411)	(17.0, 0.06236779968981147)	(18.0, 0.07108620721654958)	(19.0, 0.08593141385798615)	(20.0, 0.1057863591725831)	(21.0, 0.13199096237664182)	(22.0, 0.16587387414294072)	(23.0, 0.21030030599121582)	(24.0, 0.2641949363304377)	(25.0, 0.32356484046885514)	(26.0, 0.3872821561552755)	(27.0, 0.4566352609430618)	(28.0, 0.5329465652075629)	(29.0, 0.6006250778568465)	(30.0, 0.6567651476479185)	(31.0, 0.7084247177280353)	(32.0, 0.7662271574012476)	(33.0, 0.8192476127915244)	(34.0, 0.8927558444013736)	(35.0, 1.0060767815873266)	(36.0, 1.0985096339470024)	(37.0, 1.2797739482025838)	(38.0, 1.5563010406022895)	(39.0, 1.8638304595663462)	(40.0, 2.283060143760162)	(41.0, 3.1086594582453815)	(42.0, 3.7402828477539054)	(43.0, 4.114208407613162)	(44.0, 4.493379896441945)	(45.0, 4.775594713816373)	(46.0, 4.956505896162809)	(47.0, 5.220206202379154)	(48.0, 4.874416910525406)	(49.0, 4.540433051027562)	(50.0, 4.56359423962359)	(51.0, 4.862350864401196)	(52.0, 5.059319226533027)	(53.0, 4.386145583483717)	(54.0, 4.120125869574204)	(55.0, 3.7680593214861924)	(56.0, 3.8058126697478616)	(57.0, 2.672069586578717)	(58.0, 2.4001270975624758)	(59.0, 2.0481867300222523)	(60.0, 1.5027317295747529)	(61.0, 1.40154381965341)	(62.0, 0.8744281645573488)	(63.0, 0.6010090970714297)	(64.0, 0.34507705660159355)	(65.0, 0.21174570289652014)	(66.0, 0.1589708288807441)	(67.0, 0.11162691464803175)	(68.0, 0.06918685667345888)	(69.0, 0.050494466411118544)	(70.0, 0.038424200055171547)	(71.0, 0.027366719332403512)	(72.0, 0.02035240007297256)	(73.0, 0.016491332922523548)	(74.0, 0.01449534131104004)	(75.0, 0.011204777616660782)	(76.0, 0.008377570516002441)	(77.0, 0.007134050524949108)	(78.0, 0.006534912440478069)	(79.0, 0.006088297713919018)	(80.0, 0.005415588937844504)	(81.0, 0.00484009065255274)	(82.0, 0.004388451734614159)	(83.0, 0.004588629874007198)	(84.0, 0.004793078576072839)	(85.0, 0.0047775753569588575)	(86.0, 0.004767239877549535)	(87.0, 0.004755397140726355)	(88.0, 0.004762933427795652)	(89.0, 0.004771204962383905)	(90.0, 0.0047579092364161205)	(91.0, 0.004732788279518464)	(92.0, 0.004702643131241276)	(93.0, 0.004657425408825495)	(94.0, 0.004627280260548307)	(95.0, 0.004612207686409714)	(96.0, 0.004612207686409714)	(97.0, 0.004627280260548307)	(98.0, 0.004642352834686901)	(99.0, 0.004642352834686901)	(100.0, 0.004652401217445964)
dorado_trimmed_FAZ83542_pass_1344a466_45031b9d_concatenated	(0.0, 0.05131843068841684)	(1.0, 0.050764819942121876)	(2.0, 0.04882571285459537)	(3.0, 0.04662674893057047)	(4.0, 0.045638101802067725)	(5.0, 0.04512713821706721)	(6.0, 0.044006054987838605)	(7.0, 0.042701886327645815)	(8.0, 0.04158408595606993)	(9.0, 0.04194112471784758)	(10.0, 0.0421257045641402)	(11.0, 0.04301123109950421)	(12.0, 0.045962623024498946)	(13.0, 0.0483029046537798)	(14.0, 0.051733720633633004)	(15.0, 0.057989083699911445)	(16.0, 0.06744420333992697)	(17.0, 0.0767677641737925)	(18.0, 0.08899136709198596)	(19.0, 0.11023829754081206)	(20.0, 0.1366366158624263)	(21.0, 0.1715824571112616)	(22.0, 0.22343043985193953)	(23.0, 0.28946925578373)	(24.0, 0.3674676823074381)	(25.0, 0.465407744033917)	(26.0, 0.5728617841801904)	(27.0, 0.685564258336644)	(28.0, 0.8079064436799033)	(29.0, 0.9168676973919777)	(30.0, 1.0118976958173902)	(31.0, 1.10392372092219)	(32.0, 1.1876158678298234)	(33.0, 1.2489264554204935)	(34.0, 1.3129294675667444)	(35.0, 1.4158242877536367)	(36.0, 1.4862211032509998)	(37.0, 1.6221670551127456)	(38.0, 1.8470559722861768)	(39.0, 2.0853531835709305)	(40.0, 2.395479765895269)	(41.0, 3.0395531211516538)	(42.0, 3.518862988508542)	(43.0, 3.8261585629693777)	(44.0, 4.1733926919924285)	(45.0, 4.405597949524713)	(46.0, 4.5036813359721535)	(47.0, 4.724118733394948)	(48.0, 4.425017210185485)	(49.0, 4.115906139249384)	(50.0, 4.11929023605253)	(51.0, 4.373559226332921)	(52.0, 4.607024797591037)	(53.0, 4.072659022984491)	(54.0, 3.865475441002334)	(55.0, 3.666416058033227)	(56.0, 3.653463396780991)	(57.0, 2.533359106923557)	(58.0, 2.297036886437911)	(59.0, 1.9433128121856575)	(60.0, 1.435257129999415)	(61.0, 1.3237357375567198)	(62.0, 0.8571598076933806)	(63.0, 0.622245494922633)	(64.0, 0.38708374116505134)	(65.0, 0.25246486790499933)	(66.0, 0.18961497308752825)	(67.0, 0.13875086861774905)	(68.0, 0.09184107086744932)	(69.0, 0.06680698668781108)	(70.0, 0.048347170881378514)	(71.0, 0.03647583944881207)	(72.0, 0.029368465733031937)	(73.0, 0.023663285426852948)	(74.0, 0.022317848611545784)	(75.0, 0.016248575076580035)	(76.0, 0.011268197504840564)	(77.0, 0.009606068944058011)	(78.0, 0.008324741529142525)	(79.0, 0.007388627131726867)	(80.0, 0.006295068316182675)	(81.0, 0.005700072300289806)	(82.0, 0.0054713562556380465)	(83.0, 0.005508412520490906)	(84.0, 0.005587940906662724)	(85.0, 0.005517727062909424)	(86.0, 0.005400247300510711)	(87.0, 0.005392473964894102)	(88.0, 0.005325845373894586)	(89.0, 0.005276984407161609)	(90.0, 0.0052370072525618995)	(91.0, 0.0051970300979621905)	(92.0, 0.0051703786615623845)	(93.0, 0.005143727225162578)	(94.0, 0.0051703786615623845)	(95.0, 0.005190367238862239)	(96.0, 0.0051703786615623845)	(97.0, 0.0051792624736956535)	(98.0, 0.005179409719200625)	(99.0, 0.0051703786615623845)	(100.0, 0.0051703786615623845)
dorado_trimmed_FBA43334_fail_6846ed3b_6b29293f_concatenated	(0.0, 1.9776428917026376)	(1.0, 1.977513437730471)	(2.0, 1.9773271880139645)	(3.0, 1.9771695882391045)	(4.0, 1.9771016544414761)	(5.0, 1.977038981121983)	(6.0, 1.9768996699419699)	(7.0, 1.976746240548253)	(8.0, 1.9765970539065048)	(9.0, 1.9765061055819833)	(10.0, 1.9764268972039694)	(11.0, 1.9763642907294572)	(12.0, 1.9763591104398095)	(13.0, 1.9762949088862607)	(14.0, 1.9762273459182582)	(15.0, 1.9762218609266895)	(16.0, 1.976248023301157)	(17.0, 1.9762591094489288)	(18.0, 1.9762840185939112)	(19.0, 1.9763371191229964)	(20.0, 1.9764003158009014)	(21.0, 1.9765256491460246)	(22.0, 1.9766541339460646)	(23.0, 1.9767945601677404)	(24.0, 1.9769774266301468)	(25.0, 1.9771037616018634)	(26.0, 1.9772588488181668)	(27.0, 1.9774629075479195)	(28.0, 1.9776183915813466)	(29.0, 1.977782231935861)	(30.0, 1.9779760966671278)	(31.0, 1.9781636422440438)	(32.0, 1.9783246247248631)	(33.0, 1.9784452872294231)	(34.0, 1.9785876485986449)	(35.0, 1.9787603013369544)	(36.0, 1.9788723062790048)	(37.0, 1.9790361460492012)	(38.0, 1.9791715859756995)	(39.0, 1.9792624500223348)	(40.0, 1.9794400813175228)	(41.0, 1.9795441973382653)	(42.0, 1.9795095517471162)	(43.0, 1.979634764952282)	(44.0, 1.979750648920505)	(45.0, 1.9798585323068645)	(46.0, 1.9799339807323502)	(47.0, 1.9800616779754225)	(48.0, 1.980172027056811)	(49.0, 1.980351665152042)	(50.0, 0.9930203200625926)	(51.0, 0.005325363159685979)	(52.0, 0.005229473162138537)	(53.0, 0.005342866569235636)	(54.0, 0.0055986511100526905)	(55.0, 0.005806263899556977)	(56.0, 0.005649344072079425)	(57.0, 0.005155655446144936)	(58.0, 0.0045309543895861535)	(59.0, 0.0040948838843242194)	(60.0, 0.003931596468700586)	(61.0, 0.003817519054105339)	(62.0, 0.003785634824134074)	(63.0, 0.0036583739514016904)	(64.0, 0.003510396190361749)	(65.0, 0.003295380684364586)	(66.0, 0.0032343015750605103)	(67.0, 0.0031748876060864323)	(68.0, 0.003399546338999871)	(69.0, 0.0033501734702994735)	(70.0, 0.0030556448808604507)	(71.0, 0.0029283775955454817)	(72.0, 0.002532890279719097)	(73.0, 0.0019268650396074105)	(74.0, 0.001705924932674493)	(75.0, 0.0016486963357345958)	(76.0, 0.0017065715422882588)	(77.0, 0.0014165261051493478)	(78.0, 0.0011359977311589955)	(79.0, 0.001042452914353976)	(80.0, 0.00099725063501368)	(81.0, 0.0009512205533364977)	(82.0, 0.0009130995006214006)	(83.0, 0.0008808591499168087)	(84.0, 0.0008612615523682298)	(85.0, 0.0008579247685690252)	(86.0, 0.000849867766703245)	(87.0, 0.0008377464592783361)	(88.0, 0.0008229018145364415)	(89.0, 0.0008142226326416137)	(90.0, 0.0008049117406898384)	(91.0, 0.0007952566788982924)	(92.0, 0.0007797010685257292)	(93.0, 0.0007507653368116067)	(94.0, 0.0007460364202098937)	(95.0, 0.0007325374365754221)	(96.0, 0.0007213939018946189)	(97.0, 0.0007212352470950097)	(98.0, 0.0007127981269307183)	(99.0, 0.0007160541022958321)	(100.0, 0.000720482228792387)
dorado_trimmed_FBA43334_pass_6846ed3b_6b29293f_concatenated	(0.0, 0.3675964803155372)	(1.0, 0.3469835112069343)	(2.0, 0.3202492217294407)	(3.0, 0.31729041149313475)	(4.0, 0.3218206759747877)	(5.0, 0.319614274638677)	(6.0, 0.3131592609235735)	(7.0, 0.3057163820735187)	(8.0, 0.30156569053040433)	(9.0, 0.3024656874426289)	(10.0, 0.30382883323128423)	(11.0, 0.3078285028600619)	(12.0, 0.3196962822256212)	(13.0, 0.3357927095279072)	(14.0, 0.35371157449645674)	(15.0, 0.3764269932817962)	(16.0, 0.40670306136613155)	(17.0, 0.44274534121357584)	(18.0, 0.4766682888043297)	(19.0, 0.5179072388193166)	(20.0, 0.5670672632234692)	(21.0, 0.6152834750716392)	(22.0, 0.6710786858599335)	(23.0, 0.7550909749010267)	(24.0, 0.8075466446322503)	(25.0, 0.8480902023110013)	(26.0, 0.8984298335668547)	(27.0, 0.9468468320754578)	(28.0, 1.0048967512079352)	(29.0, 1.051343642772016)	(30.0, 1.111461007086569)	(31.0, 1.1677948816367756)	(32.0, 1.1955222610673075)	(33.0, 1.2125491434921187)	(34.0, 1.2266753729504363)	(35.0, 1.240981171179929)	(36.0, 1.2826081831927396)	(37.0, 1.343480257575127)	(38.0, 1.416765050333211)	(39.0, 1.5336494967387098)	(40.0, 1.6566723642351573)	(41.0, 1.6194572113541823)	(42.0, 1.5918941056579792)	(43.0, 1.5368565369001976)	(44.0, 1.556609209190083)	(45.0, 1.6129532290222723)	(46.0, 1.4803302543384826)	(47.0, 1.4132821409008434)	(48.0, 1.320418354398899)	(49.0, 1.2386197814449587)	(50.0, 1.1623824726459788)	(51.0, 1.0321425749470772)	(52.0, 1.0354212768825068)	(53.0, 1.243496241240983)	(54.0, 2.7278677367787045)	(55.0, 3.844477067206048)	(56.0, 3.823657106950334)	(57.0, 2.5822315014338186)	(58.0, 1.9334909845605728)	(59.0, 1.382571304198462)	(60.0, 1.7838010795771981)	(61.0, 2.75702144000824)	(62.0, 2.2960370103865353)	(63.0, 2.1209525377830447)	(64.0, 2.3614873235358522)	(65.0, 1.7260294680538544)	(66.0, 2.1629133989483478)	(67.0, 1.4972684763788906)	(68.0, 2.535540849807982)	(69.0, 4.183324074423951)	(70.0, 1.8361262880729319)	(71.0, 3.314593967149604)	(72.0, 1.857244884895213)	(73.0, 0.46437455546645673)	(74.0, 0.9257683219805033)	(75.0, 0.9514022411206309)	(76.0, 1.7401944136931529)	(77.0, 1.0570472100113406)	(78.0, 0.15300113556748077)	(79.0, 0.15533490195090402)	(80.0, 0.07527715138430055)	(81.0, 0.04588597909712888)	(82.0, 0.03328908858872885)	(83.0, 0.028424566747149358)	(84.0, 0.026045321565466677)	(85.0, 0.02482334688234574)	(86.0, 0.02511553484752256)	(87.0, 0.029150731116125664)	(88.0, 0.029627338016093557)	(89.0, 0.018490568283686223)	(90.0, 0.012307523011745156)	(91.0, 0.010246649569598344)	(92.0, 0.006370091070403019)	(93.0, 0.0030396431651436018)	(94.0, 0.0011960129880396197)	(95.0, 0.0004758872731357645)	(96.0, 0.00024675636384817413)	(97.0, 0.00014100363648467094)	(98.0, 0.00012670753608083464)	(99.0, 0.0001762545456058387)	(100.0, 0.00031725818209050967)
dorado_trimmed_FBA62655_pass_9d20541a_79aab80e_concatenated	(0.0, 0.17599200256468375)	(1.0, 0.16060616617251786)	(2.0, 0.15077543422638606)	(3.0, 0.15280308245509422)	(4.0, 0.16324529742920962)	(5.0, 0.17003084283508665)	(6.0, 0.1749145536932626)	(7.0, 0.18784150867345756)	(8.0, 0.2000988319339981)	(9.0, 0.20747920949786822)	(10.0, 0.22302071753232386)	(11.0, 0.2501663298397347)	(12.0, 0.2717649693704445)	(13.0, 0.2946280667677405)	(14.0, 0.3226604700519276)	(15.0, 0.3454982225755612)	(16.0, 0.3859067311890805)	(17.0, 0.43163757209310855)	(18.0, 0.47088864529707347)	(19.0, 0.5182889391379611)	(20.0, 0.5640603720214553)	(21.0, 0.6102816703215257)	(22.0, 0.6607617489192666)	(23.0, 0.739696855067757)	(24.0, 0.7920287554733976)	(25.0, 0.8374729584769373)	(26.0, 0.9017357413206121)	(27.0, 0.9385820981119816)	(28.0, 0.9870004192390609)	(29.0, 1.0413476178314527)	(30.0, 1.1090731758027246)	(31.0, 1.1523818199975495)	(32.0, 1.1615100085571393)	(33.0, 1.1813346431513987)	(34.0, 1.1885897442321596)	(35.0, 1.2348388858085007)	(36.0, 1.2987529649761858)	(37.0, 1.4326617376594861)	(38.0, 1.6375009384217023)	(39.0, 1.9781000330001617)	(40.0, 2.170274895432501)	(41.0, 2.00482526783362)	(42.0, 1.9542768499061927)	(43.0, 1.8348421405376618)	(44.0, 1.8658586580159513)	(45.0, 1.9624609923192804)	(46.0, 1.8274824575682833)	(47.0, 1.6662139005534693)	(48.0, 1.5648551336540029)	(49.0, 1.5473457726789188)	(50.0, 1.5446417046712373)	(51.0, 1.5538724524986927)	(52.0, 1.5449673228633787)	(53.0, 1.6170808359244178)	(54.0, 2.5496563650158497)	(55.0, 3.457365327414267)	(56.0, 3.9359261791301607)	(57.0, 3.4227334486275414)	(58.0, 2.967296523564911)	(59.0, 2.2186428779463427)	(60.0, 2.5372996332876188)	(61.0, 3.4451307906068735)	(62.0, 2.825757151398182)	(63.0, 2.0286843944901385)	(64.0, 2.183701751049841)	(65.0, 2.4160880857630143)	(66.0, 2.9499617026335847)	(67.0, 2.2111840942842353)	(68.0, 1.8646779204499389)	(69.0, 1.6634507096557525)	(70.0, 1.5748284492794518)	(71.0, 1.1428717593889879)	(72.0, 0.6373764246315374)	(73.0, 0.34024445894219274)	(74.0, 0.37900180564822744)	(75.0, 0.3480542613450413)	(76.0, 0.3714575900822234)	(77.0, 0.255117715253416)	(78.0, 0.14468546405358773)	(79.0, 0.17577697194435973)	(80.0, 0.10272370402054283)	(81.0, 0.06830783704346717)	(82.0, 0.05114709775340411)	(83.0, 0.04334942912205895)	(84.0, 0.03205354396632626)	(85.0, 0.027603972404661406)	(86.0, 0.03338825253917559)	(87.0, 0.05177612392115509)	(88.0, 0.07508428144292535)	(89.0, 0.04558062716274053)	(90.0, 0.013408787519303179)	(91.0, 0.008284928855548448)	(92.0, 0.006146805741740029)	(93.0, 0.0044385000735556925)	(94.0, 0.004033273521181142)	(95.0, 0.0036335797488118394)	(96.0, 0.0030885427864900633)	(97.0, 0.0030885427864900633)	(98.0, 0.003331909877326633)	(99.0, 0.0036032999175717416)	(100.0, 0.003996937723693024)
dorado_trimmed_FBA62655_pass_9d20541a_79aab80e_concatenatedTrimLT-U0-D20W100L100R0	(0.0, 0.035781393578841296)	(1.0, 0.02058844219967764)	(2.0, 0.007183812436542987)	(3.0, 0.010025282829612426)	(4.0, 0.01653957400018512)	(5.0, 0.023029166243431036)	(6.0, 0.02837193452972971)	(7.0, 0.03674251672867333)	(8.0, 0.04576826861488877)	(9.0, 0.060849709144601805)	(10.0, 0.07933783507341591)	(11.0, 0.10092607277259716)	(12.0, 0.12196340488503665)	(13.0, 0.15071683561122695)	(14.0, 0.19073757675631303)	(15.0, 0.22975766946730414)	(16.0, 0.27505032855504724)	(17.0, 0.3260432027154597)	(18.0, 0.37644645255105863)	(19.0, 0.4315205431932245)	(20.0, 0.4872569730741795)	(21.0, 0.540858113833695)	(22.0, 0.6018825368765759)	(23.0, 0.6913721684403252)	(24.0, 0.7455469322759855)	(25.0, 0.8002401096778612)	(26.0, 0.8853099370808897)	(27.0, 0.9331960113893948)	(28.0, 0.9881767812081433)	(29.0, 1.0479363741420844)	(30.0, 1.123038603087008)	(31.0, 1.1777096492897328)	(32.0, 1.1966075377350691)	(33.0, 1.2245424526731976)	(34.0, 1.2432456547096093)	(35.0, 1.2970424856636198)	(36.0, 1.3687077062597108)	(37.0, 1.5044385728542506)	(38.0, 1.7200507786432335)	(39.0, 2.0644653853128756)	(40.0, 2.257471063106942)	(41.0, 2.094653673902278)	(42.0, 2.0394454164108344)	(43.0, 1.919175374692944)	(44.0, 1.9566436682447272)	(45.0, 2.0532420121007)	(46.0, 1.904201086274517)	(47.0, 1.7524855383374567)	(48.0, 1.6642944367667338)	(49.0, 1.6723596078894878)	(50.0, 1.697364411221661)	(51.0, 1.7200830863987961)	(52.0, 1.6765063193901073)	(53.0, 1.7327298027564806)	(54.0, 2.6581856777351254)	(55.0, 3.5364501420335843)	(56.0, 3.9832400963750887)	(57.0, 3.434342344257133)	(58.0, 3.002465154009041)	(59.0, 2.2667898181168766)	(60.0, 2.607209840227597)	(61.0, 3.553949907032999)	(62.0, 2.9002355734050678)	(63.0, 2.065605125336083)	(64.0, 2.2574805675253824)	(65.0, 2.5172511952463417)	(66.0, 3.0659584092879633)	(67.0, 2.2763831226118567)	(68.0, 1.8747700760696064)	(69.0, 1.6494140337118233)	(70.0, 1.5613647813768192)	(71.0, 1.113603299786787)	(72.0, 0.6299734942051413)	(73.0, 0.3495012183369092)	(74.0, 0.39969988854583444)	(75.0, 0.3722897636912336)	(76.0, 0.39320308196387715)	(77.0, 0.2700851057234131)	(78.0, 0.15398200784407629)	(79.0, 0.1844923145272175)	(80.0, 0.10921835762406065)	(81.0, 0.0725675524510916)	(82.0, 0.04968248362485207)	(83.0, 0.0425478261629584)	(84.0, 0.03253812068938831)	(85.0, 0.025492078723249004)	(86.0, 0.030350410444906866)	(87.0, 0.04988739258499168)	(88.0, 0.07644133817390504)	(89.0, 0.04985958385533794)	(90.0, 0.016508266371254673)	(91.0, 0.00878035212487245)	(92.0, 0.004859552742231617)	(93.0, 0.002065639386363044)	(94.0, 0.000794168152426957)	(95.0, 0.00018908765533975162)	(96.0, 0.0)	(97.0, 1.1744574865823081e-06)	(98.0, 9.454382766987581e-05)	(99.0, 0.00015757304611645968)	(100.0, 0.00037817531067950325)
restranded_dorado_trimmed_FBA43334_fail_6846ed3b_6b29293f_concatenated	(0.0, 3.2433453463698942)	(1.0, 2.852025424730435)	(2.0, 2.2948548363646815)	(3.0, 1.7870429279766367)	(4.0, 1.4001489946660362)	(5.0, 1.1747255719447245)	(6.0, 1.0777236361046285)	(7.0, 1.0204165147985103)	(8.0, 0.932885232145042)	(9.0, 0.8060171020882516)	(10.0, 0.7508437659206506)	(11.0, 0.7762180154091621)	(12.0, 0.7847634268547535)	(13.0, 0.7794911454402301)	(14.0, 0.7986606951571908)	(15.0, 0.8108563530368497)	(16.0, 0.8784593115847731)	(17.0, 0.9700977037694011)	(18.0, 1.0281714580861399)	(19.0, 1.0744742654101624)	(20.0, 1.12302368674043)	(21.0, 1.162554068603322)	(22.0, 1.1960870794105034)	(23.0, 1.327686016276646)	(24.0, 1.4793335938643297)	(25.0, 1.6050420982597502)	(26.0, 1.661642421193637)	(27.0, 1.7401091540582951)	(28.0, 1.7621508781576483)	(29.0, 1.7922840193681093)	(30.0, 1.9111432290804868)	(31.0, 2.0306232455894633)	(32.0, 2.1183996121505255)	(33.0, 2.108909925756285)	(34.0, 2.0999104573584133)	(35.0, 2.065623469049587)	(36.0, 2.105813965378902)	(37.0, 2.055108524784466)	(38.0, 2.006640701199022)	(39.0, 2.0394686875725574)	(40.0, 2.0873965846372053)	(41.0, 2.1379412504668176)	(42.0, 2.016085180547673)	(43.0, 2.0240858072892642)	(44.0, 1.8926485717719193)	(45.0, 1.8811799318998197)	(46.0, 1.8735597907116663)	(47.0, 1.7644996739609238)	(48.0, 1.6876320131999956)	(49.0, 1.588216034025692)	(50.0, 1.4602934346751428)	(51.0, 1.376452863538273)	(52.0, 1.408335320686093)	(53.0, 1.348671392962237)	(54.0, 1.3586337239302937)	(55.0, 1.3857573643985448)	(56.0, 1.3247060704658067)	(57.0, 1.2248097651067968)	(58.0, 0.9842300276706776)	(59.0, 0.8199790581619872)	(60.0, 0.7361007188655316)	(61.0, 0.768185036820368)	(62.0, 0.7153612525832925)	(63.0, 0.6622226428993178)	(64.0, 0.6127014341188446)	(65.0, 0.46629262010842043)	(66.0, 0.4527914703857591)	(67.0, 0.4329565762729242)	(68.0, 0.494344968084334)	(69.0, 0.47361446409134267)	(70.0, 0.34621638252321857)	(71.0, 0.37666219148200464)	(72.0, 0.259244424516775)	(73.0, 0.16084035066512054)	(74.0, 0.12274004303627847)	(75.0, 0.11188029477755804)	(76.0, 0.23490224334152798)	(77.0, 0.134669736295748)	(78.0, 0.052565894481799776)	(79.0, 0.0331504320175064)	(80.0, 0.015517401703905835)	(81.0, 0.01142986547084867)	(82.0, 0.012531034225605153)	(83.0, 0.0032131730216625578)	(84.0, 0.00043800140930345976)	(85.0, 0.001795596688576135)	(86.0, 0.0031501696290809384)	(87.0, 0.004120421874837868)	(88.0, 0.0031501696290809384)	(89.0, 0.002591268565856901)	(90.0, 0.0038747086437695543)	(91.0, 1.89786577379591e-06)	(92.0, 0.0)	(93.0, 0.0003780203554897126)	(94.0, 0.004158223910386839)	(95.0, 0.006237335865580258)	(96.0, 0.0020791119551934194)	(97.0, 0.0)	(98.0, 0.0)	(99.0, 0.0)	(100.0, 0.0)
